60150
42051
38862
35136
37137
05822
55974
68791
52322
62218
17086
55012
16143
12910
49774
74840
64725
96781
46917
52142
40510
95468
80447
80650
37810
41083
28091
05061
38568
46705
67522
55959
72447
16410
18614
06757
04562
55939
60444
22469
48464
61534
14101
13673
28615
27507
19534
38582
60955
30446
40107
46171
42027
41822
41749
05262
40935
65072
56026
54435
65626
72039
81120
76671
72633
69358
63349
27808
21838
53006
66070
21668
81140
83128
25635
60938
29596
64482
37052
71340
43716
40468
39756
56243
48890
92676
23882
28347
76693
71860
12057
75968
66733
65644
18850
68317
71371
67431
57638
57442
62823
14718
15521
42082
47177
31805
54741
62067
62257
63015
74956
85625
04988
48725
32564
05472
31020
24479
25984
14741
03255
16255
13327
52151
46702
56672
58251
52324
62451
06039
53561
52224
74740
93206
17309
68370
39739
27553
13660
37325
39192
49092
68523
13697
72324
51449
69336
24874
54623
57642
56128
56531
04020
25241
38374
35461
39480
76837
56098
88337
79322
64724
30441
56511
15423
85630
55084
87747
57362
81069
37829
56589
73526
45812
42740
86031
21649
14873
12996
83250
43148
72940
72355
39108
51521
30516
04668
50830
23123
49777
55790
22713
68756
78393
17830
38488
17845
12052
14167
31827
73932
50028
83236
13431
66401
76556
12581
03245
65571
28623
30631
42411
06254
83851
16256
49061
75431
66440
42045
74051
97824
45334
42349
76670
48628
74880
59749
39851
55949
58623
49795
38761
28393
78055
03781
29639
61744
57430
77430
53503
28783
52623
42452
56452
36782
62907
61030
49733
47260
48770
58577
65612
36262
97442
72473
35671
39846
52352
53057
62427
24225
48865
36776
27888
62849
62844
93040
59820
25033
47840
53059
51560
16141
04289
15535
82410
35089
05660
25275
39743
68047
38222
16822
52042
51559
46745
36075
69165
55052
23821
67058
68715
37306
92561
38067
51576
44669
27551
74563
13736
62262
68876
65274
39813
52654
42713
35463
50058
98828
40050
74002
13042
55342
73543
14481
79357
70660
04627
31764
61849
35981
24649
62888
51025
27926
13120
61062
29743
81073
57212
79752
54979
86020
36432
42649
59221
62312
51551
64671
53926
97040
48652
23966
77564
16130
45101
13652
55795
61483
76687
14427
38625
37881
12521
35677
25571
26147
36353
24283
28740
96027
52553
62693
22610
32694
57732
16258
95551
39870
23883
65681
21678
86042
31060
52565
18832
54562
59716
15428
04441
50244
16041
71419
76271
72530
27938
45363
49338
55723
43464
56296
13083
14711
12912
74561
65767
81415
14781
12455
24589
38864
49755
64490
54740
26374
27016
99587
04472
61469
55368
52132
38547
83323
36456
61914
12723
89020
72070
04952
52043
72658
15864
48861
31058
36035
22735
89045
98858
30456
58563
56074
45889
06754
16340
28526
87935
98586
71030
21874
04253
25082
31622
21539
49644
70372
71675
62846
13608
59254
87305
51034
54425
95441
51240
95918
13304
37095
43115
36036
42634
13775
38925
58270
60948
56326
42048
96777
56540
47273
21625
23866
43732
67473
97499
77364
54930
67855
28684
65786
48032
42352
30552
57226
71061
04684
46382
74854
62047
47230
37374
85192
68649
97538
54766
12066
39346
71833
36475
63766
12193
83629
68836
62379
04750
95449
22733
67730
54631
65591
12764
13112
40806
55706
86337
54635
54849
78609
24817
98850
56449
38220
45682
52563
71851
93562
29525
48806
53517
65590
16838
14818
62808
06058
43837
62271
43360
12056
46531
41219
82727
77865
81062
12737
03047
29114
67669
51003
21780
62001
61813
49653
88256
32358
65789
76629
76443
12155
56676
65646
31549
54514
68638
66451
47995
38661
65254
28573
74332
15840
01340
71226
03449
83804
26033
49645
84055
40387
12928
72932
53001
87560
24818
06777
05440
22959
55735
76371
93527
78379
99361
77622
62531
56586
24226
49885
16650
76878
98588
47513
22460
67361
42733
52041
15747
53019
24534
28343
79009
24471
92283
13145
95690
46919
57058
71277
87062
35480
37360
74726
49689
49769
54433
12959
16341
99780
04493
26060
72168
14005
79346
05045
75480
53543
04911
05457
42712
27950
67950
65337
56634
61937
62914
47326
16878
86035
57745
65611
61957
44634
17024
95310
24983
71266
72611
62899
47145
77975
44859
28369
16034
68071
67642
41562
14477
73067
79545
76245
05462
85332
97465
50135
59442
66050
84751
79083
73547
99029
04920
04553
04983
99173
18629
35446
03745
62443
05494
12870
68937
57231
14065
38774
84328
12060
70749
51535
48742
72534
56036
31641
29030
62242
42732
66020
74825
55936
46186
13052
43332
81418
56571
71016
55089
04555
03462
38240
35548
27869
62245
57225
49113
03882
86034
50456
46939
04041
56017
91916
16249
29593
25671
95255
69140
99676
83434
14533
46076
29664
75127
35618
71422
23175
37892
45337
32334
12516
47928
31780
68745
29031
05345
43556
82225
73763
27814
15333
17238
79019
94020
42325
12575
04010
04414
13425
53078
28606
28508
38482
29481
46911
38940
72568
40144
79511
45333
66856
56244
65239
95977
62554
83631
65617
59858
39086
42202
14171
98952
20137
25003
37142
36258
36919
65276
99348
17224
38629
56315
12993
36758
41080
56229
63344
74369
58785
83873
37365
04352
61047
65724
55088
23027
44276
62814
24328
12062
63056
60407
65624
75102
65326
71845
49753
12957
30218
31022
87316
68031
62418
45735
27928
74450
25422
39354
62544
27980
49896
42078
47971
04921
21545
74364
13485
54726
58639
57735
39815
71439
61864
13324
66866
31065
25124
56110
55332
71259
50604
62272
57038
18615
70661
44404
57014
05444
01330
04847
12525
74022
49410
73728
71834
56678
38334
13433
64492
36908
54202
51575
67756
60924
76945
97389
80926
28438
45896
16313
12431
08067
01081
01054
04047
45881
68642
38460
65257
13026
59645
04971
80512
04418
95246
83855
54870
67864
68729
50682
47385
52218
12185
30410
57068
37391
50236
37328
49405
46764
45657
74930
66413
13618
50046
72372
46105
99013
51526
92061
14422
52756
73061
42215
80930
58356
65668
12168
80813
05151
68718
54876
13625
72583
49436
13809
76630
04537
48897
81039
71858
04786
68769
68784
41046
65764
47125
03837
63448
47615
54491
12740
16948
55031
62037
32147
04943
72013
04966
43013
28430
16435
12087
37023
05674
98938
76636
72863
74878
15550
15459
63332
95454
98593
03082
45148
82082
62340
68466
25621
69143
74032
22969
74860
03588
56475
03768
49411
93266
46986
61028
55983
54227
46182
72444
06752
44046
56455
56178
96028
99921
68463
24435
27242
43840
49033
53579
76859
98592
43045
58436
84725
32709
50641
50624
31016
51035
44455
79546
54805
68430
41603
87037
31049
13111
68358
01039
83811
24128
54664
49670
35443
59868
73456
67547
47235
66514
56332
43986
92398
46991
74072
16865
16820
32190
16124
53063
08311
63621
14466
15322
56528
43067
63961
83654
98325
27291
84646
58051
31829
76853
01262
24870
74829
05658
95374
36759
25938
48733
12958
72029
58622
47436
56628
99116
61087
62974
24375
62685
64443
64763
61415
83234
98624
68979
42464
24079
26812
13063
55985
64077
54655
16374
51248
49026
64491
67740
84324
79355
62828
97452
29105
74731
29426
54471
42716
42441
38560
65279
01344
50554
81324
04342
85342
52332
76935
31795
51577
15732
72366
83623
61741
24892
38369
42729
14040
25969
35610
59920
21871
38730
76265
55335
24165
57533
86444
54416
49126
62555
57017
51030
79744
46785
96776
12859
85553
47619
99402
38580
63055
46532
43772
40177
50864
42462
52639
73628
57043
58059
62983
01068
51443
99519
82513
04955
85638
73939
52316
42372
23438
61570
39363
05487
04574
61450
97014
54648
79734
12748
55771
57002
27208
61031
50468
15344
03444
45772
72063
61501
14013
62414
26851
36860
41055
42337
16922
38621
72466
71353
17058
67455
66533
73848
15923
49309
24120
39668
27884
47147
61818
46776
22539
14024
44817
03774
27343
49780
01341
53137
25239
52069
64401
80478
44804
60941
67752
87535
54896
05829
23315
68666
50475
45724
60913
43754
31624
23011
15868
73669
29916
43778
73741
18854
71740
47393
62824
72376
23840
77455
37059
63462
99110
62987
50621
39657
50424
99036
18636
87421
60511
45616
67876
72087
73834
86544
65567
24312
54856
68824
30619
71028
29717
24594
38379
04947
73459
83342
05483
18812
38541
58746
47141
81055
27986
25063
74852
28649
05473
67022
56338
23065
54858
47469
88002
45684
38579
62868
51237
12440
21555
41043
56726
96729
49102
59050
78019
78623
73859
16613
74028
47030
64470
17878
87364
62510
53806
62984
52248
17017
16928
49264
47234
89510
84523
67561
81023
30641
64740
72167
45768
25564
82053
67867
04068
81047
86022
46974
93920
63546
28392
40009
44441
26763
43760
47949
39337
43106
35963
71462
83320
45634
67154
76578
43755
04411
59925
62854
36041
29104
82732
49776
52161
32140
63437
84632
81410
38037
78719
22937
64761
62838
30678
56433
60966
67108
28521
25537
57020
24553
28399
16351
37171
51652
04069
49459
29111
83286
05148
57001
24347
83823
69022
45775
67330
62330
31783
65035
29163
65023
31042
38545
54624
86538
98638
99101
54610
04679
15772
31057
44082
84662
13343
71763
65053
15360
54638
80737
15345
62360
78615
17052
56009
03230
43320
15765
43443
62530
16347
73773
47380
79313
48729
05486
64439
45766
96056
48635
04732
67480
62912
05830
54864
23915
12116
43533
21657
47011
13801
51450
73620
97868
36028
22720
12059
46340
47166
54442
59036
59932
76471
56336
22652
13348
48886
54209
29635
41262
16133
98357
62061
57035
56171
52237
36574
84542
57548
27829
93513
95681
38381
26678
51347
04941
04539
04758
88325
36907
47992
50002
48731
35593
87455
30420
56316
61051
36855
70049
21521
26571
31712
37181
95612
45836
37141
79005
54754
67869
78341
99185
49288
50130
54541
52571
70086
56266
64746
26623
54974
62366
22742
39751
54156
42355
52216
63781
78151
46115
51038
68359
54821
79043
28717
57311
69339
93426
45326
75555
24069
15376
38391
44853
30823
47264
24176
75933
04860
42170
30757
16877
28582
47281
31789
24102
61747
63559
95469
67487
50006
50210
24311
73566
15349
56446
43534
43946
25559
74637
14898
14804
73430
63940
47564
58790
15338
22952
70755
41727
74471
37339
05651
72320
63944
04290
78873
25692
76622
17812
01368
49347
83857
75451
48889
50469
61943
61725
81654
04973
92282
37140
49759
96118
57026
42039
86441
14803
47940
62612
15464
43406
72129
04448
04652
62560
59014
60958
64624
48747
37313
81624
25971
43540
23038
41539
13808
17959
39366
36005
58367
14008
03251
44427
80731
49318
49630
63648
58267
51238
28447
75471
97347
72482
24070
21530
50251
89835
76351
47360
21659
53911
03580
65263
50626
31547
99161
25446
12941
48649
86434
68920
14880
83847
76389
76453
55991
36767
29741
27047
54213
70356
57579
99674
97632
87710
59070
23148
73949
79372
66712
23830
58041
75705
54424
53518
13428
24938
50635
87553
53510
73933
56440
36343
28617
03268
13477
65040
83876
95589
61060
76933
18844
88119
30452
91905
54512
59487
99119
47345
76632
79371
97344
72773
06021
84513
51005
61272
71229
81423
48466
31323
42436
83615
86054
58552
12166
44854
65080
54531
79358
22663
15480
61377
65771
48748
97021
66776
79381
43747
64788
57572
23047
56443
94923
62048
56309
60963
97633
13303
71945
18464
49402
71366
95421
64762
57070
59824
62520
64668
14591
67570
32350
28510
72419
52306
59001
04765
63837
03849
12058
57349
38778
59412
92059
56037
73029
74824
39079
71357
54977
36579
86015
01072
77456
05836
58425
25043
16872
54749
42079
51640
81151
54480
48472
87527
57077
66521
95525
40972
51027
56282
38345
77951
42056
73038
38856
03816
22660
75847
47470
93651
26801
61369
67020
45681
75929
54759
96714
15329
43343
88267
49342
24918
28774
83624
58770
16240
16923
85930
66968
49729
68057
99031
77442
63091
58027
52590
43976
79541
63823
05767
25865
63655
21912
04740
38674
52754
71647
61486
93252
71261
55748
89825
30425
66056
61041
38388
61740
36046
62354
12461
47227
55030
79084
73858
67870
95635
99734
44010
33585
03287
12092
44417
42456
80648
87412
36256
27973
24122
39776
82839
26717
13864
04970
49029
53079
04354
67422
30746
81019
32622
13680
97820
63967
39747
80743
95528
36346
46926
05845
83833
12468
85611
65466
54475
55312
18826
42159
14033
80864
03466
61078
47666
81334
74536
58722
25678
52073
63351
92275
43435
92086
69347
38759
95323
56437
55954
25202
45672
04563
56738
51046
75850
16235
32359
99694
71764
14858
23432
65722
54539
97054
39481
71336
13302
23942
68924
64863
40810
71007
56223
43802
25557
14091
78959
47431
57066
71424
87549
57018
44695
04858
73768
50543
47974
03227
45168
51454
62086
76627
47991
55732
40472
28432
27897
46920
73450
17352
54547
76454
64456
05251
48860
61038
93545
25652
67560
62546
60921
88135
55909
14478
52659
62324
65463
24951
23967
68456
31085
66860
55710
16639
78632
84536
58042
51653
75420
36562
57216
76951
94060
54626
84757
68781
63769
13335
95452
68301
25286
66035
45863
68770
95636
42049
35651
27935
54422
55310
79851
46913
22850
78011
54489
99926
06031
64088
50233
24350
72386
63359
26280
38258
22747
12853
65761
04095
76635
71354
71070
25696
56152
28683
49050
62642
79789
68771
30413
52157
78954
54459
38039
84307
54566
26283
62513
13158
14028
06027
71072
64832
31563
76432
36480
54511
27305
64738
76486
43549
87461
47990
24526
74553
97541
86039
75926
83237
65640
42343
50602
52341
55797
57234
36736
48766
56354
61480
48873
17518
39769
96069
68428
05871
44235
03836
83810
58730
66835
70531
67671
62830
28624
03084
57223
56050
73552
50070
97813
57385
54420
50568
55751
48701
26440
61361
38337
95645
50597
72358
12967
74470
13839
44449
48760
01339
54621
61006
47557
56584
53826
54159
69021
56382
62661
52201
62931
14054
12481
46763
05353
12783
14861
50076
61854
54454
28772
56314
69348
58324
55951
57048
15936
24314
50630
93461
88041
73759
72579
81022
72459
52347
54921
24566
95560
71018
57355
27860
51342
49612
93553
72685
61283
93239
38627
66531
55929
37713
50122
47922
03043
85618
77837
83346
64784
36042
35984
82730
54721
52035
04556
25676
41216
86506
76472
04349
97416
18824
73950
85624
85172
62539
25917
61327
99133
14889
35975
65650
12937
81527
72157
31025
72471
75932
61565
54407
87025
24138
25649
74936
47443
56319
52049
98605
05906
16317
52777
89042
73040
65710
58053
10969
74427
49679
54875
49625
29471
98650
61421
78005
56580
05857
85264
72645
61235
25517
16360
83213
87579
16655
61931
56655
05075
62638
29015
65350
25154
55736
62571
61070
58640
73027
01008
48468
45761
21557
20144
83251
03886
38643
31787
24352
52141
65535
54888
55065
93925
76228
72768
37301
74366
47848
82832
86436
04969
62674
18465
79097
04747
73017
44620
70581
85645
62835
46035
14894
12076
17823
65348
61728
39361
63862
38577
63071
93653
31756
71368
98320
15829
01342
98846
84622
50174
83349
42133
95955
74723
66549
54733
62295
61412
65261
60460
48401
47649
57339
75667
63530
50628
55775
56271
79343
68853
66537
67074
99840
05769
37723
68758
12729
49893
13630
26260
65016
04667
62545
39336
99115
04450
53577
56252
43915
65555
47456
56181
15340
73014
39886
23153
54838
13328
96103
29929
54611
47637
50645
05038
25843
04088
64444
56183
25625
14055
35972
36912
99360
79778
56587
56556
97834
49262
55945
15533
54644
05455
65324
52315
72955
63748
82939
36752
95415
25140
13402
29146
65462
54932
23405
82514
53804
04630
47561
54519
71407
47163
67879
68651
13338
49719
29911
61368
68065
48832
57059
04051
53943
29564
76518
56535
48050
36026
81236
67548
03777
15823
13054
42036
13122
78881
77577
24465
16411
05738
24834
56534
75574
72675
72044
83344
63532
29580
65047
41844
15849
53023
55385
97454
58261
13744
39462
14740
13635
47968
39643
23084
68402
99714
83813
29453
00775
25181
38390
84537
17765
12592
85646
12997
76690
95039
49821
75438
62476
57437
63945
30537
51638
48662
40060
53587
85940
16364
92339
50020
51358
53924
52032
37337
16667
98933
04649
04547
29474
48426
14145
57761
71956
61379
38486
96120
48885
72395
28627
14550
62668
45685
43432
67054
89043
61859
04945
44064
06793
72111
64748
40460
31017
08319
88301
61473
05739
13650
72327
62367
71237
56569
38754
24598
64473
68038
83444
65236
05734
37729
47137
59003
49640
91934
62433
95426
17985
22729
04607
62665
51245
84083
41777
05474
89411
40104
65732
61759
16657
47862
61467
56115
95664
04658
77857
63852
42140
86329
18211
13807
22949
52768
18818
73860
71973
81154
12093
66871
29446
05682
50249
06242
51458
32625
66060
45321
50540
48878
04666
65787
72565
43766
54965
84746
81427
21640
48454
61465
61370
80821
28693
12067
97641
23156
93601
36048
36047
66938
83839
03240
68349
46985
26133
55924
29821
67149
72057
04434
99639
71838
68970
53930
47989
52320
18415
24076
66427
69129
12496
64084
04932
31054
73951
04664
38476
55925
58282
98925
83450
66507
64463
13315
40046
15870
38753
68930
67119
57382
20693
61330
59846
68636
80482
24258
61001
57075
08310
15019
62074
65032
74939
25831
05046
36205
04680
14507
43767
68015
54653
12430
55910
13694
56136
52202
62255
50668
68420
61488
68944
14143
25501
97536
53803
04438
05732
93432
40075
29014
17229
45743
59845
72041
04219
14129
44638
53550
61933
59522
39741
83443
38559
57273
97376
72122
56653
75861
78870
57328
70516
54651
58652
95225
61375
50846
54408
68922
68863
41045
60935
97885
62988
49322
27849
24931
52554
41348
61353
76626
71940
01071
39662
40358
97438
88043
62810
42461
59006
32336
18453
54762
94924
31097
79370
38548
49130
76941
47369
65046
60911
05158
48749
61234
24072
79031
74826
15327
74570
49818
68629
59520
78933
27857
47386
76525
49227
54748
16874
56270
15725
61776
61814
26447
16656
13802
98547
23878
56149
01011
51430
50229
65075
63013
65658
50632
97375
99612
58495
58621
28527
64859
75476
42123
41044
92242
71961
56180
41659
81152
16930
47036
41804
71960
29081
03218
51006
46348
66072
52640
75976
70729
93544
76239
81091
68418
15757
95497
68371
54427
80480
43457
54529
23959
44418
29133
14731
52746
96048
64096
24529
25512
45678
59486
47515
68733
16720
81141
66411
16917
21654
47468
62410
13810
54149
81525
12917
58433
55324
35554
36318
43153
15860
61912
61913
98603
56357
30821
68067
50162
57045
50514
41722
59263
66956
14709
47223
42021
04422
57313
66865
48745
51055
03280
31733
61319
58370
26160
95387
27022
79092
52330
15687
67336
57221
70637
65054
97886
47357
12932
84052
46730
31629
66422
96109
13835
45862
41124
17060
66546
56670
96044
72027
79042
27876
31824
52155
26448
59030
04410
51466
44093
26679
16020
61878
77873
47577
52561
41776
75937
64481
57055
76673
62932
99159
25646
72938
43727
38461
42328
38342
44855
72368
42350
43728
04238
16935
53936
63087
78833
83255
01366
99138
52171
97497
03845
76934
49724
36524
03262
28439
12457
43066
16443
52223
48445
38332
13679
12726
24737
80810
38587
36548
38876
61729
16111
24250
65662
71264
57714
81424
78872
25252
50585
65017
25520
57012
54659
47020
59353
78880
45362
05824
64770
79839
73663
87357
71933
49827
62621
31552
61865
61052
52053
42024
61847
81233
12935
62827
98326
73546
61754
76679
65024
68765
47948
38361
94956
27818
50055
64035
78024
20624
65680
62816
17243
66781
62244
62956
55969
49853
79227
05847
62573
97826
95465
54027
13464
04942
05770
61870
59317
61428
68039
97466
51235
03838
65082
59866
74944
64861
52626
99661
51461
57248
31035
88029
05647
56728
04022
54632
13813
55314
16233
12934
12125
73074
87010
43932
14418
21541
41425
56144
68443
38927
93201
58225
31567
38725
12814
69120
05846
54488
14864
95547
04460
04449
71024
56293
31009
36269
63620
59088
62872
71219
68760
77660
62634
17037
03590
46570
47529
61262
74333
44887
68714
03750
45382
24243
41098
46794
16218
79543
55979
49874
72857
62803
99588
67428
41645
58718
66756
12485
72415
95962
57566
63452
45849
37710
66845
35572
61242
41166
65085
54761
28442
74931
82836
77533
85637
54546
76653
75468
04435
12028
65779
71325
54150
72084
61325
47921
54418
45778
87575
51570
54772
26818
56570
56318
53582
58757
23022
27927
68927
45146
46760
97324
12913
43746
96023
24966
29845
68376
04476
62021
71835
04676
41231
63336
97137
68662
74759
99012
04623
52165
76427
79248
04660
62473
75437
61014
85325
73002
95686
79502
26335
39358
67448
46960
77585
28644
56021
98849
38626
15729
56279
47354
50056
61841
23306
50106
48737
54556
13757
63036
42324
96146
83228
58647
58849
50530
24882
22709
63544
55918
89007
35098
47575
43319
64097
64479
32187
35808
56324
86535
58060
58458
70723
56714
03241
73664
93518
62463
95313
59527
41265
42069
87942
36740
68866
79312
82510
17228
47930
80836
64733
70552
42259
38673
63846
49814
75556
62460
95919
47541
75487
48845
51063
73754
63436
26032
45312
26146
62338
05036
68956
70750
62985
39045
58646
57260
80833
61259
52249
49726
16836
38565
43720
95947
13144
13684
98617
41647
49879
99330
52570
25287
73447
64018
71323
04479
52540
54175
13731
72865
49950
23039
52255
58831
57577
14859
42207
96140
39323
54554
69360
15686
26681
31071
46104
85617
70732
62214
17260
73766
54137
48738
04284
15542
37175
17006
77560
51016
43413
63441
13081
68939
17774
28736
27824
64643
97876
56666
62440
50660
71447
63533
62875
56137
72350
67464
95549
43930
58530
36020
71375
57368
73645
51234
57345
79250
41773
50238
63363
31796
69024
87520
43347
56010
54922
86540
48621
04488
24460
74766
37118
23827
55367
35543
43504
49052
96008
42076
53937
25529
05077
64446
79345
67838
57760
74574
05065
93928
25081
55941
70772
50230
40145
54962
80444
57278
93645
63829
61770
63447
15848
63939
75488
56119
39149
64873
38838
65334
14860
50447
31527
47859
57472
84714
87513
73062
66771
24941
50680
41723
95701
45841
69154
43084
69155
04606
55704
96057
57315
41548
03282
47980
79057
71949
25235
87006
82649
37753
64739
57790
60550
96062
22834
62022
68401
62376
61884
68331
04221
39067
82433
73626
63785
73042
12464
41531
24844
24868
56579
76561
52346
47832
63561
38951
51573
12022
56339
39347
63440
74425
38452
36578
38473
56585
22716
23138
64494
70756
62534
27252
83431
38670
68864
18831
95689
58240
04424
43908
55726
12980
24237
79052
97063
26137
04863
49847
47135
64163
56142
41719
57384
49642
57794
05832
54007
41034
46057
54557
84620
89025
27979
13473
14723
87745
13322
81131
83836
67758
24565
86024
35458
83541
50139
55970
33930
63848
63870
48028
97492
28781
37688
97867
57772
56028
41740
27953
51053
64442
36585
75435
29843
52144
81133
61877
68643
50510
73841
52318
49619
49969
51052
63751
70453
96713
26234
61447
62889
18425
81630
79529
62611
03875
77853
66042
36370
15622
42232
39078
51026
29037
16319
68865
83610
87558
03740
25121
26238
54652
68404
67831
38370
39665
56285
83327
58335
79351
95629
56041
56138
48720
35574
35575
49836
83553
89001
68640
62445
75669
37359
26055
62990
75943
04622
36255
89318
52209
03846
13147
72717
42344
75447
67441
75960
58040
37366
61018
62017
70355
45711
31638
61349
41836
72532
49716
44628
27826
47003
30470
38721
61413
24579
22511
32427
61925
76475
65774
42333
95227
50541
58773
50535
38567
40176
25521
17255
31090
61420
51354
87510
04951
78829
53922
53801
67578
78884
12423
12192
41838
64866
65759
76621
43462
41862
39572
35647
61942
73857
71670
66834
49623
58561
80451
52533
96024
67854
70762
39859
62964
83535
61230
97534
63073
35542
27946
52751
84327
65685
93424
49880
49268
27847
13368
05821
24569
54750
46791
59215
39082
31551
93246
66095
81645
80449
76372
24325
84760
30660
99032
12970
60530
86018
12824
50257
45788
24378
51058
59754
54723
98262
76264
84783
12502
23897
68421
05761
01098
24946
50073
59248
41554
62094
16746
16362
70780
12029
27957
72479
41555
40328
25125
75439
36728
99170
57567
45776
79532
71652
38061
48762
35552
52037
43333
66753
16040
58369
63339
85606
24439
73832
43524
41640
12989
24363
46156
71726
94586
54763
38328
69025
36482
49632
55967
68786
64867
99658
46798
17021
65059
55919
03817
75853
51553
57249
30803
15742
75560
71358
89832
16636
30572
68633
43341
01026
52039
58576
68872
62515
62339
14066
58344
62422
25611
38588
87310
87582
05343
43451
68340
58835
54104
84033
44826
50625
59482
01270
72469
55338
46180
65692
03583
04655
14571
28363
76484
72842
75449
52254
63454
99637
26808
83025
12815
22650
46374
03226
88426
74875
61075
31050
05774
99554
50268
05051
04292
97812
99155
46133
95937
14869
76538
70759
57751
67140
66543
12960
55053
70725
81149
05778
67484
64670
46049
54490
62277
81036
40827
05361
68660
68339
82523
59639
99678
68004
22654
62536
42265
95674
68343
74052
63352
15410
67490
38362
38950
31072
84628
52070
99171
56016
95573
93441
50452
40115
27947
61490
50258
53506
83262
50118
61777
71065
38575
38348
29848
05039
80832
66945
65058
68641
05043
24602
71027
66724
48613
54540
56176
75421
23850
97823
35183
73650
68825
57438
87053
38685
42040
29819
26269
05905
03752
13318
45339
79508
66449
63954
68740
57279
99139
98649
48754
84752
54003
36775
79526
95615
05456
16050
14846
70040
55935
56732
47846
18371
51525
89427
63629
27843
20609
17964
45867
87056
23169
80728
83537
58413
52210
61875
64790
31066
03592
31625
53554
52720
85932
55017
68624
56068
97346
57528
58579
25270
36785
56450
04922
87732
97865
62462
12785
24265
47943
23964
81058
26845
28902
38236
63471
56045
51022
41250
48735
95456
72544
64436
35544
56469
03464
61771
99755
99118
01355
68070
52572
54835
79713
83122
22935
68967
56686
62853
01254
05448
67019
87530
25608
61279
68780
16695
72680
80420
62627
54527
78953
81643
67837
83112
26405
76070
26267
44651
38253
40914
16845
66779
41332
57623
76652
67029
54545
66023
06794
41831
66854
74422
54428
57523
66716
75566
47858
22832
99123
59218
12842
82720
47531
89316
45696
65627
05760
13788
23055
14784
57276
27885
72125
58638
78058
58631
22736
50044
62355
59930
87418
98587
97429
29592
41655
85334
57241
99581
64842
45745
44625
61733
59016
47516
06785
41837
68366
12837
51531
99167
16640
46110
65637
56385
53522
04772
03450
21841
72069
13681
63536
67839
73432
51462
97453
31649
73570
52530
61569
68041
12156
58636
48727
66097
41630
38923
54628
82420
83524
63943
68810
04912
56260
95317
75928
54964
98651
72045
78850
22940
33857
04455
55339
95548
54836
35035
36738
62979
29686
42368
56650
31070
73738
97326
73568
36029
55018
14842
31007
52160
55703
14753
24323
31798
24827
67024
66080
60961
03779
65347
50598
61844
39861
52362
12427
31550
50480
68716
99126
64461
56120
57353
92368
01531
79563
65790
56725
03243
57376
53569
71944
73481
66548
02652
38224
14037
28556
62253
62893
62268
94592
63662
57756
79225
17758
16661
26852
49752
97450
65264
48614
17262
26621
23359
54756
68814
01266
66937
76649
44802
97869
04979
74552
42085
55953
76866
43511
86547
59853
47833
04987
47358
41666
47926
97419
61572
38371
94937
14836
67451
88253
64001
47981
13796
41519
69163
18417
08019
13752
41174
37305
80545
13028
25875
71660
04949
21636
29518
04548
16692
63932
93526
51338
56723
26866
46365
56661
82932
36505
58533
57656
26716
72769
26581
57626
03812
30148
46988
45727
82214
78141
52620
03260
57037
56251
62551
45898
67437
29922
54854
88124
04681
52658
52147
27974
42458
18435
56228
99321
74957
39179
86502
58575
60959
07822
80653
54212
67865
01253
52760
20621
84311
74533
22627
83451
56219
28448
74531
93243
43356
49958
50149
47611
22938
50517
87941
74736
73655
05079
68783
56039
75411
74741
84635
62625
15311
05675
32139
70658
63548
73843
97489
54855
93440
58274
55990
80815
05352
70715
63637
75944
49675
99829
54210
41180
57564
62311
39156
69034
83872
72934
12914
80809
58482
12719
41558
59349
12434
65739
62972
95565
62241
25075
24822
52552
40152
48636
65323
12474
14855
13420
84064
67070
81242
60960
62436
50532
21869
91917
93541
36921
72721
64423
69123
74026
38454
65566
60072
49743
61526
83645
31041
13334
95526
04776
84639
23442
32423
57334
73565
66872
67853
96051
35979
40012
69151
51639
47854
70740
13355
15856
31094
96104
04780
49279
63545
13325
47640
72845
37078
25981
47588
42275
35441
15534
12136
73458
58081
67731
49705
49248
52323
16926
93608
62378
56727
46781
74734
42339
23004
59086
61441
46941
24280
71438
12409
25565
23106
72347
95303
04745
64440
38481
47837
12494
87540
66528
37348
08340
78549
64659
59524
56527
68843
38076
52721
62316
50542
22740
85632
45890
24245
57319
23839
39356
21645
99632
92328
68790
88022
84525
83217
82054
98396
24976
45741
53816
62628
31077
80741
71826
61015
53544
36761
95306
47847
79547
62063
05355
43548
15771
23413
75477
04978
57363
41238
98304
15924
25669
70397
39841
15762
30820
67834
12930
61257
68313
56713
84006
56054
74832
26425
52739
04643
68407
03605
50123
05037
30667
49895
26690
79739
72073
64448
76491
62567
01378
64679
54138
71950
46150
66770
68933
77616
72003
34739
51571
65444
46731
56576
59934
96047
73063
97037
14728
15427
67118
72373
51364
75478
63867
54559
50153
41826
95556
03284
99925
04734
02542
36540
47967
74054
52305
55922
26208
63469
39427
83868
63732
51004
42236
62533
58761
36871
99621
04551
24597
49912
05153
37016
36915
47427
01255
14769
12451
52585
65068
83552
67059
47597
03456
87041
22738
74027
83670
99130
36052
55781
16942
62465
83246
87521
40157
81235
52649
56757
05772
68455
68628
72436
38241
72561
64484
68735
49744
06796
51544
47175
56157
13780
25266
48856
80827
05650
26337
52337
75959
12469
52229
51357
30545
59832
81092
31836
21778
31648
18342
87829
83436
67035
37657
82327
58571
81523
04453
31038
42782
53961
45317
25244
72926
84652
26169
84758
78877
24635
43535
60549
16647
05751
25511
05669
52729
87821
71642
53541
84633
66026
75247
50062
56168
74349
56447
99573
38645
24313
50606
24473
70645
50005
66423
26562
49303
02807
50168
49618
87499
04535
72835
81225
59213
06090
68941
71959
17035
92321
01245
47950
51533
89440
71450
89442
16224
14841
50150
52079
40856
66951
26755
56221
14822
99033
97810
66755
39633
20684
71962
56083
71432
51542
36768
85926
16436
47120
56297
47955
74423
56667
54006
24150
16740
44844
25632
61876
47352
15961
29516
31518
74630
96142
25259
86545
26276
72581
24857
63333
99684
87711
49840
73090
66041
62836
50845
12873
52215
58218
49745
50278
04939
96087
71827
77538
66526
35746
45348
49638
04616
67341
88039
25606
62807
50449
67525
61516
21856
60930
57383
72047
64071
40815
52146
57015
61544
41759
84082
51436
62894
65609
65641
61545
68029
61367
57063
38647
76890
73004
58275
65247
54895
71441
42753
61039
62992
26610
72628
37715
41568
87714
13072
61436
12732
03279
05155
02543
54563
04739
76077
40464
49276
45868
26802
52731
50858
56240
74652
81020
66857
67120
22488
61863
03771
56742
98572
64430
44454
93668
74572
97833
52078
50075
64631
69131
59411
56343
12768
98336
83239
38617
79848
56349
48761
58788
43445
58558
66403
68354
30285
76864
95369
68710
40022
40863
58348
58256
08345
28007
99760
96757
43152
64625
47038
56262
05350
84512
59029
58843
97434
67583
65237
39656
67566
83126
67954
72550
68422
27919
13782
59468
65050
24282
71456
68743
57235
64421
26257
13682
52156
56453
57559
04961
28775
63623
81610
72460
74856
93254
58366
50071
72523
14878
77444
42054
82325
72156
65470
18616
13739
84726
89008
80835
50107
71046
20628
84309
12777
29166
62916
15451
21711
39862
47942
41731
49812
79788
98836
08041
51557
69045
97117
38475
72577
81025
43442
50471
40903
80515
57543
36751
16938
81130
83846
51439
22714
05742
59643
63633
24646
54246
62479
16131
47612
49066
62630
77990
50479
36436
62688
62032
67123
43779
42035
50134
82442
31711
25567
40855
67416
63622
25208
54820
61928
32430
67004
52535
05758
74651
56129
99023
58005
81146
05035
93218
68757
77419
01259
66014
14824
05652
68841
40442
62431
79244
83523
52635
87722
79087
62919
12985
87930
63534
05081
65756
97907
65064
98533
26372
05757
63855
84722
05359
50853
74083
52766
30455
54826
68935
83324
13470
68644
56327
95432
74062
84649
24185
14897
95957
36749
57370
52054
82933
55957
62426
73661
48456
70789
12878
50666
14729
68831
49701
68665
38311
56019
59485
66078
99641
05872
81090
40346
14462
95916
45770
71331
84747
58032
67349
61774
69020
62480
50435
05340
93624
66415
54463
66710
73491
64661
65262
32449
97901
63735
96091
43501
36792
63434
73009
87519
61345
18846
13071
56248
96084
76681
78946
27917
56737
56647
50008
05161
55962
50050
30522
69028
29355
97413
72661
63388
37731
78117
81430
40445
55765
62477
67567
47975
58528
55926
38954
50048
13454
67009
01349
71003
05873
49782
97065
86017
62994
74756
56042
45620
38554
02666
15538
12153
61314
69127
71326
41855
50581
04091
51646
17212
12503
62643
47521
92070
24530
82842
72128
73654
78827
68764
45695
71044
29838
65034
68351
68424
38966
59324
42204
56644
05866
36425
73724
56230
14825
50558
62682
68341
58740
70080
66554
20143
84730
36793
71479
61489
56281
04487
71404
83429
47231
26270
23418
01379
82212
35571
68044
88020
36922
36374
16440
62905
63879
41257
57332
57270
54102
93450
78146
25009
36720
65025
31532
25187
82190
30426
93255
23407
39144
68423
04406
12187
51047
54530
68874
95017
72538
73560
67481
15377
68827
99553
73755
13755
81143
56253
23968
49654
58573
50590
21821
71031
33849
08323
50557
38392
26691
12160
62051
67344
83543
91931
49835
56169
68663
89413
83114
73639
84779
95553
61440
56225
57348
31630
01256
97543
68461
59479
76435
24059
72025
60951
96059
61414
13310
74428
65570
12843
64474
52065
83314
40927
85605
68532
52064
77359
27922
94946
25607
45388
54734
73735
79257
05142
93238
58077
81123
62343
67844
97486
24599
14815
12175
65733
97843
28631
24736
39745
56548
87312
14805
63350
50560
41264
05072
41815
74442
99766
80438
03457
54465
59027
57034
49816
39456
78067
84013
22436
99157
55724
73734
03448
72531
16829
95459
63463
56521
64688
59057
24221
63373
24854
66431
96096
51561
77971
74562
03595
05826
69149
45654
56214
05903
15380
23874
61882
39152
52536
61929
68378
50519
51232
26293
74831
15470
61425
62425
26292
92358
98323
83325
50246
71935
52133
05853
16834
89124
32426
62217
73938
36317
45821
12032
51530
37878
27862
56524
41636
27960
58653
61930
95527
18829
97390
58521
85610
16729
51563
47929
80624
99557
68768
69152
04929
87752
77624
23110
49760
48807
92327
96058
77878
80510
56545
26320
58759
26855
65322
24483
67646
42154
76251
04459
64649
40040
61438
56052
57454
20680
51243
50482
35459
50859
12950
99761
05492
22847
66016
41754
68439
40140
98355
71256
12838
03445
71862
67038
89821
71063
68815
57054
97436
67732
62934
77982
63747
52047
55333
63654
16726
78050
25164
55757
40902
05737
62842
86030
11932
88341
68647
50522
56014
82223
50151
64642
63626
35587
82321
52072
26617
50655
83414
84053
54813
74748
12473
99628
12936
31011
64848
86438
59443
99609
15920
58781
37057
61261
68741
13486
52580
73647
72004
80928
13337
25639
68856
23889
25979
24139
50478
74350
11930
61919
73092
52650
70036
58438
68634
38487
72421
72851
20632
99743
63631
03853
58228
57632
50157
13665
98542
04848
77613
79039
25243
99341
38848
16745
54119
15411
50516
25039
63953
26410
95251
50214
47016
75448
12190
59038
67552
13621
15364
24924
38259
57568
95653
54524
66520
56151
60553
04760
68947
05471
38943
45894
71416
79379
57016
26705
82213
51558
14877
36765
05069
59936
68854
78672
04984
97149
68627
66079
67446
62349
26377
50483
67557
63381
52329
50561
50575
05867
75936
50164
97377
55793
47576
04255
57220
61453
64021
74839
40943
67342
97910
21872
76455
59066
76483
98619
16932
65333
84637
41839
95659
26419
95043
94567
52769
54526
44699
72569
73024
78944
52551
76519
69352
06065
57237
66868
95385
61484
63558
62942
77974
17978
56736
57031
47550
85545
62871
62957
79059
69122
68726
41365
58741
68926
42565
66540
92678
41745
72384
83423
96107
84028
39824
12847
21864
65580
56027
39647
34498
99671
13361
45003
54746
87320
51018
67466
65635
68460
31568
41828
71970
36471
13756
42214
88339
26264
47585
50650
66093
63964
84027
56748
68652
26585
14536
05146
73461
59844
97488
24836
50167
76872
25844
76041
66039
84001
81041
65755
72928
57479
50578
14885
50460
72639
50840
15352
56735
38044
73729
71747
58529
50232
59018
68409
47110
71841
68020
54550
59226
05874
67457
13155
01088
66773
60952
17941
25503
64650
12765
04763
01029
23307
28579
73736
12470
24915
43983
62474
13690
84046
78935
66015
98279
52584
61423
82639
87322
99129
04617
56051
56578
65354
61839
67859
41254
62655
99179
56575
59448
81431
54846
96039
04671
63760
54493
14113
22718
25139
58046
16679
40052
04265
27942
66851
51465
56311
84026
26662
24808
79044
58655
70358
13141
49925
52222
56355
68725
28434
48841
68812
95410
24828
40953
96128
24326
68454
29145
56386
68030
65638
13061
52135
50173
97412
67454
84531
47861
40845
24866
67514
56651
74472
71752
78742
57456
05252
52154
67127
89003
62031
26346
36783
29915
97447
65069
99125
62432
52550
80428
61260
68778
54515
97461
40870
49636
83261
68727
39755
83425
73838
14819
68723
14754
60918
57359
61458
40819
37819
57788
41763
74963
67008
36583
83214
28718
22437
05341
62850
68336
59089
83549
67354
24220
92347
70534
62461
60479
20608
25868
61769
99551
62284
51532
25285
29921
78949
60474
68658
57266
83311
22943
41642
25502
15433
68875
55370
28511
65534
72668
63821
50001
05042
25245
81433
63956
03586
54828
80427
83803
05253
74557
25234
66780
84518
51467
43345
38352
38859
95651
76379
65076
69156
49718
58456
65543
05839
56122
57317
64427
97830
50143
96141
23856
68018
50256
61334
52621
49762
68653
25085
66966
65061
42361
69166
49667
84767
26411
72458
24562
25958
66510
36071
57365
23887
82923
22639
50476
61811
73730
61749
57312
62547
33960
62238
81076
37019
59031
35176
74633
68050
91963
60962
66550
58271
68982
84626
59410
65760
41352
42516
16343
43359
99030
73073
68961
49129
51020
12763
61318
70638
43788
73079
56167
56734
76827
54542
05827
25268
67738
72374
50523
23844
79852
50569
56756
46766
36314
57010
50448
61872
37028
12857
54731
62880
54537
27936
99180
99782
21662
12046
68034
72660
50029
55605
84305
58030
45622
61722
14717
55798
23177
56216
50275
66953
72456
64497
74569
99826
56683
58235
62633
58750
57036
85934
15362
95427
62423
12406
41203
68752
65634
56673
99134
97481
62635
15341
52335
98585
25108
68319
16621
13740
78663
77369
13842
72430
22726
04275
47537
61378
24622
66769
61049
21538
49891
59446
73528
59910
57450
73562
05463
72051
78159
83633
67444
51528
12412
99143
70639
25644
64641
04216
79367
16921
69044
56239
24862
78161
04774
61862
45332
22535
61418
43337
57232
31784
15551
66948
26412
99158
57227
40826
64149
78948
03780
53553
62883
72001
57787
87072
74641
66869
99830
12746
60929
98535
95585
73455
73053
56289
97857
04471
58346
40077
58374
84739
59225
89823
05086
27314
25160
84657
49806
58254
14872
12120
77623
59262
36569
18350
37680
83123
79063
56566
50271
01070
79742
61089
67425
49947
72060
95728
36034
97733
88038
83604
41204
31631
95830
26338
45340
24871
66552
36444
84521
39826
98614
92060
87038
57375
51562
44841
57620
52594
58771
27853
68329
61432
80860
79718
68958
50133
84038
83428
87830
13750
23091
68852
62941
59831
74430
67622
88049
80611
58230
25019
49884
38914
26817
57259
85362
61560
84039
25161
55787
71356
95563
62356
55738
25845
97522
99683
99740
56029
88353
66412
25264
84643
70753
70752
72854
56292
95466
23337
25148
66943
05356
52251
56090
23180
51007
68736
34762
28707
64752
18851
36916
49725
59452
47568
56323
73453
56121
26575
24845
43323
77507
47325
45851
99117
74367
63739
87577
43843
78027
64466
11959
17213
24872
66833
95075
59337
64783
16114
56116
15779
77376
57762
04773
67648
01367
69040
56662
29065
54560
49817
50464
04781
21840
62897
62444
95318
61840
18830
56592
16674
56744
24377
84665
36483
48765
82412
23828
62817
84630
16402
25854
31735
06024
47244
85920
20758
58463
79010
52750
57428
62940
16210
04956
95960
58467
59450
05040
64620
26739
66777
79528
74650
74644
72055
59275
51433
83232
16863
85347
14082
99741
87723
05775
77991
73716
72537
65456
98830
26342
68415
95935
25251
97122
41571
67516
58243
54737
12734
73011
63457
26619
84782
59212
04360
04464
47849
80736
47551
64428
51014
65754
72951
57720
67850
42273
72030
56552
76871
84750
67524
29934
25978
52619
68942
71971
65629
52586
49948
24132
87823
98220
79749
16405
55712
16927
86338
14714
72623
87018
26237
79561
14820
72413
03883
77519
25841
54867
58845
58651
87562
64769
25024
46117
36584
66432
66840
50544
50642
03597
61476
14839
12786
69147
26815
05062
42603
05441
70082
64036
52217
70761
82334
70662
61337
63563
42285
74867
83650
97343
66711
61442
04733
67483
47590
68777
38720
58357
55612
41650
64622
96770
25152
57330
52549
62325
66033
73434
41615
62667
57072
99919
51448
64767
11962
64487
85609
18462
80733
97835
71674
24981
38453
23893
79046
28646
84716
53920
82244
59913
72134
49831
51231
71839
47270
24487
42028
13844
80744
72141
41255
68878
59826
57434
52567
54769
62617
59464
15490
61567
78004
52569
61721
24272
82221
41512
63787
71751
94938
56522
95668
26278
63474
40862
75784
66010
74833
55749
87538
72776
78349
65345
74869
65339
57255
21607
72036
63827
74555
26804
37765
80820
63386
84776
50141
39767
62006
31409
54928
95943
30336
73931
40170
57314
48470
99113
58710
48465
68436
56237
99040
38736
12945
79098
21677
84338
74754
66717
71766
58735
49861
99103
52236
67741
05648
58265
64653
57219
86411
63656
23879
50154
24318
05842
29567
37691
67640
57552
58568
57257
57024
05076
66424
97638
24726
62036
38318
37333
14777
18451
47142
58487
99561
75153
24484
32437
64483
98628
25209
51060
97870
99789
52542
35764
29434
75977
73033
47465
41234
18845
62867
04626
58021
68654
38920
04691
56023
68457
80727
52170
83546
49834
81327
64426
58544
79533
64120
97737
62358
24578
68342
64434
72564
21082
43029
50430
31772
57046
31823
12766
60912
77629
65283
55982
96015
71676
50538
69217
41564
26141
68842
48432
25113
49613
70353
61336
52038
57446
43006
66949
04576
84522
65230
57243
45835
68322
60109
12164
25061
04923
23023
81422
50453
62977
84336
12444
61932
50146
59721
38639
66852
65601
31812
04573
59918
65630
50446
50026
61482
55711
93604
51230
63465
29469
58541
24927
62027
40913
55961
68813
04762
76832
57073
68870
64630
41632
18248
26590
84022
64723
81253
45773
12861
12436
41132
58476
72080
84035
64449
87731
40316
04628
98643
57471
24374
47528
67151
13832
26761
93517
77994
67047
96006
57268
05653
04285
47578
57427
51564
77614
57441
87931
58006
47866
59472
59638
96092
73056
68626
56211
24580
59046
71045
41766
77451
47994
58626
21766
78057
66416
61470
38744
36550
60928
05766
68346
64756
25134
74643
58580
31309
71631
67430
58793
12147
81656
13489
41714
92258
77597
79054
57213
71663
82411
58011
42741
99689
46039
99140
75550
18469
26714
22810
17002
62673
64471
24957
76238
20184
73722
86508
51536
53580
57381
24823
50457
61437
62543
50120
73537
58079
26203
40958
61477
59008
66751
63636
77977
04777
08314
01032
36263
61830
64459
72648
18626
68316
72566
63625
56118
78932
47162
39097
66532
50065
78886
69043
12480
42541
22640
79080
72856
64074
24432
87524
16859
76875
99568
23962
52231
17888
41274
51636
93531
38459
41604
17221
50277
58650
38504
72392
58052
59261
50264
61067
25820
68957
56754
73627
95922
95230
04662
99725
12955
67952
95970
04648
72739
04735
26376
51548
56078
85601
42453
61724
96105
83555
56025
67651
85322
88418
54103
80652
54865
71069
23691
56280
72950
49736
14069
97108
58330
04478
43811
81126
23079
13406
79506
63936
59069
38457
56536
56145
96774
92309
40840
05730
78545
26161
50007
72330
36513
67353
68464
37369
58570
68835
76463
99693
67645
72640
57263
23347
99614
05070
84729
12810
04853
64637
42157
23846
04568
97109
42764
73641
71630
04481
51441
17271
89191
52543
47524
56170
95956
62572
56212
56235
01037
25651
41149
38913
05748
84539
62314
52574
62666
73667
76854
18920
51036
56155
83632
31544
51565
58789
58071
49965
78353
72742
58018
14748
80722
56245
67757
68669
62996
68036
76660
29370
34137
54447
58227
39477
23395
38347
27923
41159
24459
24351
67137
66417
26167
60949
68722
56127
62947
71473
58048
24161
40110
59837
41616
84076
80481
25444
36373
52050
68413
04564
72536
97490
38589
98859
57440
82944
68940
59430
57648
26437
51365
95979
67352
69346
61850
48705
50217
28663
48619
57522
51431
12836
84775
58472
49886
51453
62671
68344
67106
23354
41764
76631
72179
50524
78830
28702
59344
59540
78963
50539
76377
79237
12422
25685
20129
74632
56518
52140
51049
67565
65762
97039
59648
59241
60931
56350
67450
58381
04783
79034
99820
83809
37151
57436
59740
60917
50681
55763
67445
67575
99636
68335
87743
99322
97493
69169
65614
51048
98814
62015
65720
53526
35460
76370
87728
99563
68447
99742
38339
73840
16750
72663
57476
76464
12923
76637
80747
56218
50234
83244
50843
99772
12942
80818
67737
68517
98613
61778
05342
97451
57544
17760
63547
58466
99622
24920
47387
98940
77457
56710
15337
72573
16882
50206
18624
55752
41543
65258
95914
05744
68966
54832
73944
75412
83841
67470
41547
97750
56588
62885
58461
16623
30454
99633
25169
26036
77464
41667
52321
83212
16329
67523
56236
97856
59028
41544
60919
50451
12035
69032
68938
78608
04787
40982
65260
56132
60968
66404
25839
80726
61454
76460
01346
87083
12762
41408
81332
26572
84007
76357
84051
63541
56263
68980
84636
95950
68314
04611
71468
55026
38042
58231
46175
68406
38380
65077
13861
56186
47339
29051
71644
12405
80101
97406
72839
72617
72412
61737
64638
73718
68635
11430
62970
16334
23963
05875
55603
79255
26660
49871
42451
35464
50653
63866
69345
65330
22831
56123
73749
41146
67436
87543
52309
56060
62877
21612
58259
13777
73726
05152
97371
97627
58064
62538
17219
66849
83278
24853
99137
98068
58442
54513
84086
64689
82838
36858
38924
52765
68019
98829
25989
99135
51019
04693
24634
15655
43407
58782
50039
79544
13786
83545
25030
68328
05442
49955
68318
12017
33438
84715
55782
57065
56185
75469
68973
50672
63431
50235
58725
67138
20692
88265
64647
46990
51446
64623
24860
54125
64437
71286
79530
47116
38564
68859
70352
84656
52745
58535
80612
51543
56139
25049
64660
71972
36539
12720
16420
49838
81320
52325
24925
27965
26266
23934
95552
64771
65676
54485
66842
59915
65778
63942
50108
84723
41601
61730
87940
83435
12176
56761
93932
46127
35755
04761
88321
58736
99586
58063
93224
66418
61472
13863
78330
56043
72410
72389
56033
56594
39166
99153
97841
62469
52638
42566
36723
59440
95257
98280
58454
24991
83462
24217
99585
42715
79738
58721
87419
83627
25110
83013
84069
12442
15753
72175
36371
62013
71043
41385
83321
72584
50434
25119
81210
52313
81331
03593
03832
25630
51061
50599
11975
23050
67753
45886
55702
63430
99613
05649
58276
03443
65250
13687
76474
57465
62365
57633
66754
73548
73532
56174
39352
57052
87017
40070
73947
62375
53557
64651
25035
78344
58416
25823
18632
62860
52212
56257
25573
98673
62045
18439
57242
45671
51350
75481
65329
56034
25133
25267
62649
68761
72425
05260
04746
51010
84742
51649
85551
47017
62954
74438
52225
85357
68016
04024
74543
55931
84080
56652
77475
25102
50565
95930
05862
58630
71333
36435
38746
56760
58731
56448
61735
68304
61816
69128
21647
38957
84330
66094
96129
50136
84072
25904
49728
61917
50603
64635
59243
96046
61042
60470
58352
59531
75450
24831
98256
25837
68623
59750
71004
13672
80469
73739
42280
53825
68368
12169
47449
51645
03579
97430
03601
56255
66091
95646
66406
84773
62421
73569
88350
99681
73853
70436
13483
52651
56134
78340
89421
79018
55615
80483
73559
66858
42083
49971
50132
50607
30818
50420
68321
61532
49927
63014
23894
99770
24815
85333
92333
67572
52576
51541
73753
25505
47519
64632
79082
64431
95543
68337
58494
62481
69038
81057
88336
72346
96038
74565
57321
69141
41317
78671
58380
40988
83824
53827
71658
50103
17220
59433
48721
93628
24839
50034
05762
61478
16311
51033
74560
23843
72394
50148
12108
59074
57775
63446
47224
80456
38740
56291
62380
96090
13776
51333
49881
58853
87569
35775
50242
62280
68360
88116
23126
59728
82710
13841
22811
21634
52169
23129
52644
68855
87051
62923
57759
58559
41513
17211
16860
56639
78402
71825
43782
50439
80805
04650
68882
68307
56523
66425
59735
52583
27866
66767
41271
58424
25672
21835
23085
67842
27967
03441
74084
85627
97410
33865
04685
74558
98361
40940
40355
61485
54657
26722
79748
24536
25132
15677
78066
67351
76566
65285
66864
01012
56231
66959
82515
04417
05358
24270
74738
50484
46950
17768
26814
41360
61358
51463
99663
82060
50067
57433
80729
64451
57448
42722
24413
89046
65464
52727
68766
26039
98581
95714
68622
12769
50566
62512
54564
32683
60973
13670
46759
25985
77470
57716
74747
73842
66429
68759
56733
25083
58783
69121
12852
60946
04475
12439
57560
67427
57239
16110
96009
59032
32403
12410
69150
39054
24105
59914
24485
67458
51572
59416
97102
80455
54462
78008
13633
67563
64475
87734
56590
57329
13136
29082
12860
62886
71223
41566
57652
63432
82835
85928
26627
05059
04768
80804
62818
74042
62518
25107
67134
58351
25547
25059
95637
14486
29658
71474
82925
24846
79834
97001
39737
57076
58420
56032
73531
94970
26680
84781
88042
69167
67841
63345
89425
72948
83525
57324
22741
13659
92305
61312
58562
53505
85141
68925
65446
97634
89317
96728
50609
23303
62079
58061
59447
73564
83677
41226
24916
64778
96050
70721
74060
69218
89424
12454
41563
83271
64674
20617
79062
15540
67132
89054
67347
59631
83118
97880
97414
64422
68040
57738
98582
50518
59015
50444
31720
68879
68348
70537
58656
50591
49967
72683
40865
72571
57631
64646
24292
51037
62556
74845
35469
62908
38952
50528
27915
78012
68062
63030
82055
04779
70651
78044
73625
05360
82421
50546
72431
24935
56759
58214
14884
67051
76445
16943
26656
66952
59326
26629
81251
54839
68858
39877
24082
99660
84306
65657
67491
64480
53810
16263
40997
81121
41721
68932
50577
56117
64780
70091
57481
85554
64161
50455
95983
67109
80735
26520
63453
88132
59542
69366
56641
41135
68792
31743
71008
96106
26443
49768
13364
85639
58441
57569
73673
68817
68327
42371
51523
57021
58033
72462
56114
28909
64726
62053
50147
89010
56111
73771
15562
57047
66058
69133
97636
99540
83011
15536
68948
98827
59647
59483
72655
38953
72629
23128
78622
58649
76676
64652
36754
80824
95554
50119
73760
97441
79024
79261
79565
67346
97874
73660
72152
72624
56722
56758
49805
69350
41538
57342
29543
05056
62313
95555
95420
99401
57467
67485
26671
24880
41464
16680
64728
67745
97825
05776
49825
24974
59087
52560
75492
80834
55785
69212
58752
61720
62054
51527
50562
20630
68377
96065
51242
58779
68971
14060
16683
63665
83421
73666
84667
78536
62831
93621
38961
73756
52359
56458
88318
68631
56161
80436
83554
62976
87742
56646
26151
12493
37376
57424
98283
95941
79256
64847
71847
54850
59347
24977
65557
08038
54211
99008
77476
68320
67581
64750
83870
59748
65752
42788
41560
18443
28577
84018
69134
51062
56141
58483
50612
41421
29840
57658
57460
67452
72572
98243
62446
62601
24607
72533
12760
77483
84623
58212
63473
49822
41712
67529
66515
58418
61251
82329
57763
68774
97029
95545
12036
51366
21622
52232
51440
85352
17953
68367
50654
26294
72524
67520
57748
67459
05820
54625
58642
41232
56165
12998
13751
77374
39836
67764
28708
68055
98538
58439
62345
24366
56533
82243
94021
62361
21679
97473
66942
86445
72520
51056
81124
22476
99371
56715
41817
24944
41528
20687
68928
29836
50128
16689
38387
27875
51631
25920
73549
58017
62434
59489
66944
26384
07976
16685
96075
36538
12465
17223
26321
84743
86331
48728
52354
64657
99356
93664
52221
57435
05858
24934
58531
81040
16370
69023
26810
58031
87565
36773
57386
25902
87029
43144
70631
89039
82083
33848
59477
67360
99121
05837
67423
87040
58327
96034
72140
97480
16694
80425
84638
05841
97877
82938
47453
68357
39348
22972
59259
62943
25106
99679
78614
75415
84316
41540
97635
59456
95939
71466
71866
67849
58572
58384
04677
67621
25142
79534
83547
66939
05747
67142
50836
50559
29519
97345
89828
40813
38543
66734
98527
39309
12418
77350
25688
88051
03850
50586
82227
25540
41214
63543
04497
41847
85536
12743
68755
68417
40178
87718
95345
62050
81136
57374
66853
12725
59480
15957
89833
73622
87551
67131
57238
26217
38569
72470
56158
65321
82323
58015
61335
16326
95254
63952
36473
59471
92268
62413
59720
68846
47522
03607
94971
59274
85320
62553
13693
69125
84061
54827
50222
12007
68365
57067
12064
41835
17923
92066
41619
26271
59247
59727
54862
68014
62419
47525
57335
24869
78122
51345
68326
41201
04657
25431
13494
65244
36790
23857
65788
89161
88112
24058
94922
66516
41735
49710
80468
98647
82516
98305
50837
26707
24811
62967
55602
40763
62019
38726
64455
21865
80432
12741
73530
99777
56519
77663
57322
87014
95488
59434
66407
99918
84710
66940
12927
62624
15334
70736
62478
99018
29943
72130
22719
17265
59525
95595
73540
26638
56516
96086
97145
66544
58455
83111
99753
74452
58492
50633
38359
58838
27968
79378
24603
47917
63041
84002
50470
13640
25174
57373
66419
18456
13468
64445
17968
58768
58765
69211
84740
81064
78075
12851
77993
56684
70646
84764
85923
98946
67657
45650
59761
65067
61449
97864
58705
59739
67122
67073
58210
59453
39461
73844
72079
73761
05053
58036
41503
57331
45734
93452
45746
67568
56224
56295
51654
57779
12856
25141
72083
87827
26684
21676
04261
81071
64741
26430
66933
61773
74843
66936
80825
26202
24879
92341
07851
97730
68860
58560
84744
52660
57261
26343
41821
68871
99922
93512
16691
93669
04231
83657
96016
68033
16634
62091
99150
73041
99682
59024
58057
61851
04766
96769
93627
59927
41832
62370
72072
61338
80474
68724
80649
83464
56681
42326
78107
16677
49960
79377
62081
82050
16911
62297
69029
25021
12943
82712
83830
78618
62452
51549
12819
61313
84736
61812
56550
04558
79350
67447
82512
65479
62815
61459
62819
28524
87012
99630
64493
91759
51556
69170
73835
72414
58233
72672
83120
58379
76958
05041
59633
13312
83526
83866
99759
41861
05640
23423
64017
15828
58716
13614
81029
95639
18070
38552
57750
97906
99783
57461
55756
12042
96014
25118
57621
54844
87061
80721
74827
79229
59751
59250
58520
99765
30708
16260
49839
61050
61431
81649
12808
74556
59053
68773
24613
75838
88120
08014
58004
64682
52044
68323
52355
79342
79061
15832
32631
12965
80861
26348
50576
77970
58429
67664
98566
68974
67057
63551
46376
82432
25193
73021
93251
61007
85371
57449
99657
67564
70644
16832
88434
41052
82059
32361
23358
51343
04674
67112
72567
99739
22538
57536
77582
79743
87578
67111
97484
68746
64486
78072
67072
13472
59756
59827
59871
03273
56249
99721
81222
97622
58049
73442
61044
87583
21667
62969
76852
84530
46162
72682
50440
26285
57473
94940
25044
98267
82831
84644
83848
61940
58428
61466
16861
62833
68648
79842
32355
57468
74045
62851
85531
04495
68977
64166
57649
66732
26178
82215
66958
71034
49970
87715
93641
23401
41819
41843
95607
58532
17720
26325
59843
28611
58566
61333
63557
18463
88348
58448
89004
67653
66772
63443
12517
64667
03215
72017
58645
93954
57258
57367
68950
99346
83115
58258
65232
50611
97621
52207
52134
65287
82833
66740
64476
71965
24657
66761
79918
25862
46379
69333
64498
23876
58758
76937
56091
50068
38376
13860
77655
52646
56227
68820
76882
95913
26136
58581
67066
52077
13804
62362
68514
59710
57644
18622
56660
95224
12812
60933
26422
73937
43037
41559
17763
61411
58625
39326
72528
59354
72333
84063
59211
56162
87580
74636
74646
13342
95837
68448
83272
24269
74850
62862
56663
70524
24606
57218
87063
63531
97721
64028
50057
56581
25114
22438
41825
56574
97476
58490
04982
54842
62475
56553
50571
84640
73440
50861
50531
73758
36529
38333
24894
66873
61519
82922
13846
72860
59929
66541
83302
21829
62011
51545
77466
58760
26056
23938
80749
25036
57269
65773
83223
58795
26731
56517
83287
80622
24733
95698
38226
57265
41725
69168
49910
10975
13437
66830
27840
88338
68785
24476
56173
12969
84308
68345
40161
16732
96124
84756
83449
71725
41524
87044
43536
78116
78369
84733
61775
74577
56274
50848
76858
56626
58549
41845
56276
42151
42156
67656
13450
22730
84749
57529
32648
59926
83637
66408
57361
58654
55613
58222
87936
98421
38928
96117
73058
67650
17836
59931
56657
50515
64636
62809
74468
57646
25205
67762
50223
99128
82210
73658
88028
57538
93207
66963
58792
65083
29175
52257
15684
51540
67438
29941
34661
78588
61451
75573
25005
72066
50051
78938
76666
18461
41606
96033
87515
41772
98860
57521
55780
03852
88118
17930
67468
41834
61311
57641
99572
58464
95558
93549
69030
73747
12139
68844
80476
58067
72585
52048
02564
01244
62639
84331
41660
96133
96054
41751
12424
24604
64664
66428
88430
36581
12770
58632
24945
55717
74457
81248
67647
69146
83821
76862
50594
77326
18245
57233
64722
78162
68063
59061
04451
04490
67227
74640
62348
72555
74949
80822
62631
70787
64457
50254
97626
68838
41775
12421
87820
68717
98833
67626
61474
16250
24464
68458
92259
22732
25048
03259
22433
15310
49808
25986
51648
25638
76865
13666
97839
99606
61344
58542
79505
59054
68416
82945
99571
71079
28350
23845
82620
72838
40062
51520
65702
38944
62323
73555
68936
21824
25028
26631
56669
89013
24086
26148
59064
56089
68453
84085
96126
67863
23427
26865
68976
58723
59528
26263
99607
43030
31067
71427
61321
67510
68442
68828
68728
33944
24167
58762
81655
57040
12924
04408
58776
45353
95606
17239
24715
58634
58794
13774
25915
78007
26222
29932
99335
57247
26884
99602
52581
12495
32639
89414
49903
78607
98834
25932
68431
68637
49748
55973
50038
05034
50042
71969
58377
15440
95412
89426
63540
59460
16727
67061
56113
79538
58847
51029
67632
87027
59444
57256
84718
12952
58035
96125
61845
73646
42047
69216
56160
96074
04413
50262
85931
16048
71853
97050
67623
82423
67739
58068
66017
12031
56543
57251
62374
49962
71276
73659
66738
59762
66962
64165
76364
50473
68437
55742
56546
87023
60111
65335
62373
57420
68350
61772
58422
50252
63849
25180
68972
79220
27978
67761
12071
98641
15682
72429
16352
58497
60129
04237
56629
79032
49815
99659
57272
68433
15727
66758
61079
67634
82934
50477
68720
72435
95925
38745
72166
22931
80757
62878
28552
80812
82643
93563
49929
81220
97731
81155
79539
26463
73720
50074
58361
20130
59222
61810
83283
97848
68659
24985
58056
35766
87943
72841
65440
64656
58332
21010
41263
04936
08324
66775
58733
72930
60934
95450
80742
79741
59731
86052
68943
76388
56627
64645
47616
58038
71455
17952
59420
52630
24458
98555
98381
59013
12194
04624
01229
58856
55607
12492
85328
16645
41607
67644
87831
61475
84734
58272
58627
58734
22820
77334
99773
25111
57432
86038
22432
14736
24714
54413
70464
58016
63941
49872
95984
67355
93529
96710
12131
94516
50066
79011
17920
68303
99017
41859
25972
95417
98819
58755
23161
98552
99764
12844
38047
80802
55977
25928
81646
18828
72760
55933
77987
22964
66746
02875
61274
58223
15710
76481
37340
28735
95550
82336
97357
81087
64453
59733
26676
59760
57057
04485
73733
21814
39113
57553
25654
99736
56226
16733
59067
78931
82731
45688
73855
95233
28587
55606
77431
71855
56166
66518
86036
95305
58260
57657
16672
79837
47552
76261
73764
12165
26224
64496
59732
67649
49883
59336
60945
68531
99786
59059
57340
65768
27956
76841
98288
56207
95568
59544
65280
39162
24984
38471
29074
63860
29923
62438
12450
72026
50570
67332
29452
72085
64686
50465
57027
72752
67159
42369
12886
12855
20626
43438
57773
25907
98602
68338
12513
75759
58385
68834
25203
77950
17840
26282
67643
25047
58250
74842
12976
58241
01243
26424
66527
76828
68742
74576
64164
99720
51552
40171
63539
79566
99627
52164
23422
57271
72522
83834
04642
76680
87939
57540
58415
29826
38722
65660
26636
65457
58205
13360
63784
58620
16659
79719
40036
71243
23056
59743
27584
98224
15770
57371
95936
16333
38949
57724
41367
83468
50863
08348
01258
81024
17731
72453
59713
51452
99758
65783
38844
68960
15738
95569
84031
87713
98621
52334
63451
25103
64672
17867
43158
80823
01343
62998
84073
62892
51650
22743
66438
58277
58317
40939
70442
97350
67028
12987
82441
59258
49312
76842
13696
79503
97904
36481
76955
17946
67573
05351
24412
58565
54517
59035
57050
99643
57323
66859
26886
74530
97732
17885
92385
57217
13418
40858
68747
38764
99147
87712
50116
59217
04492
59854
57622
96773
67418
41812
67556
36030
67639
01264
58008
13636
78883
13345
57474
58713
73744
84735
72478
16624
69351
25062
65001
16744
44678
67545
56637
25916
83533
59052
88416
63079
12124
23119
79001
57051
72670
61435
54948
12435
79847
77867
67868
25008
38765
27556
12767
36013
83520
99768
69046
58769
16852
77454
25437
49820
26436
05362
79236
82714
54120
67862
79527
15412
71859
50239
67492
67442
26611
25647
74935
50567
50671
67743
04669
67519
27042
78670
02815
56434
73487
83806
23032
77415
68441
99722
64458
63744
93603
78143
66008
58480
66850
34141
28375
25093
74755
45789
70643
27969
25617
62975
12811
98526
22749
67065
06091
25261
14721
72170
57224
65344
73043
42254
50582
61417
26421
69214
13331
50454
65618
58423
84529
93208
70650
93276
99653
89311
57452
25206
62610
67512
66964
63439
87512
59863
26339
67857
57264
45646
51044
99776
40481
89310
83233
68445
59010
57722
38946
58478
88343
76845
96112
68981
88056
75856
73544
50040
99841
65620
99590
95920
12792
57214
83281
78879
59351
40983
61852
63951
18842
50274
77440
59432
83277
84763
92389
58273
99345
13695
96121
58331
52074
21665
29849
95494
74522
67751
50027
89418
59916
81237
85927
49674
13806
47123
88431
36039
67474
59002
87539
71922
15721
59529
92239
61243
17210
65529
24898
57466
63783
12858
63782
63770
61452
86431
51554
14874
58775
58426
38030
28668
87832
04686
81241
88113
72440
99738
62357
58216
32658
59075
21624
61941
66741
83643
67036
68719
68621
62319
58711
17750
58833
70654
61831
58772
42032
12448
74836
78591
56583
64467
04985
28672
72449
98845
72341
29493
12939
58756
68945
82084
13404
67625
85640
80532
41390
12460
55758
82450
83827
82242
21672
75157
56328
18340
97640
72539
58444
80750
82324
58479
24716
25204
68414
58365
24539
15316
13647
62950
14881
59338
76373
31810
73638
83548
82322
17776
08224
49793
70375
75470
98832
54536
78675
89409
04491
87347
77969
73539
59219
91980
24873
76429
57563
78598
36763
74528
96011
65735
50556
67105
36727
18455
18437
05084
80754
04673
50520
24878
50545
52573
60920
51630
58269
81049
17729
59441
18230
50117
19732
59747
57634
88422
57341
47010
15764
80830
51647
67628
12874
63460
67574
63061
65449
58445
65744
70393
79548
35774
08321
68833
99747
65048
94972
57792
57422
79078
58481
18246
99667
62820
96068
92266
18628
67345
83312
57661
52555
64681
74942
99550
59546
53942
93260
64868
59339
05067
59257
88052
95232
59530
65282
16937
24881
59332
83802
87517
17014
64676
97028
67584
13162
57541
61468
68816
01093
12736
12862
52252
57645
71029
88053
58748
67478
22946
58321
31003
66843
40818
58727
25088
67475
59755
58737
88414
67521
41622
63833
16331
05058
67102
99748
82222
48633
62083
17779
87064
59311
21626
58238
13314
72852
57766
66870
59318
58486
50623
13441
65501
58496
22529
58069
97342
58488
81426
63450
84034
81129
77876
88121
58778
41397
74722
28520
72339
58477
67747
56153
82640
53802
67511
87746
57246
61539
57470
15760
16416
77855
44607
71002
68732
67103
99546
25025
15756
41643
17217
24943
69354
64438
74534
78391
18460
15730
30573
22711
86343
68929
96076
59745
29594
56046
64499
58382
72074
79846
97625
99152
59033
14708
87028
38623
99791
33924
85922
59469
71677
76452
12781
59856
57547
49961
99131
06373
76363
81243
71942
18619
78837
57791
68667
57725
18323
47574
22976
46968
74540
80740
97859
99746
59314
12973
72107
58043
22641
00786
62346
50857
62876
68381
49918
55601
73444
98286
97840
28720
65777
64639
67635
35745
61731
59256
84024
93287
94512
81044
35751
63538
57475
98575
57455
63826
89315
22643
59736
24849
49919
79535
72666
39115
14415
12742
99176
24168
62887
04442
67658
96017
51447
70076
75105
28581
98560
89314
66714
25913
65727
81330
81640
15953
53192
57562
04056
80430
34679
96037
12787
63458
66838
87315
55968
59928
85912
13488
73642
36901
61936
97735
45115
41778
89422
40921
58262
25211
65731
99566
58440
17071
12416
93429
67734
77481
26615
18825
58058
61460
13632
25544
46393
72686
23976
76820
88351
15713
57520
13651
57755
25908
64022
26254
79730
67675
25864
99363
69144
69340
15447
68934
97033
77428
98222
56731
42131
56565
72578
25149
99744
66960
68964
59078
99751
83124
50433
74071
05681
79854
05071
78838
67736
89428
91948
26823
83808
69026
67071
58345
77443
63763
80755
93244
05447
56729
49848
87046
26215
65586
88250
69367
78376
69142
82428
54845
58325
17215
58430
71661
72729
57651
31821
99729
59322
65461
59451
63847
79314
17318
65690
52593
24884
07608
42463
66930
50605
96010
76678
76888
57660
15712
79223
73425
97873
57767
58372
84712
79234
26521
87032
44493
58353
67023
83238
82723
55609
57534
16430
55786
79003
61743
88427
66932
63438
16322
22504
40803
88324
24719
27247
55784
96029
82638
88354
71831
56680
58443
37845
68440
20839
67417
87564
87531
01066
25848
83227
70782
81429
68655
79518
01350
57041
72679
83874
79517
04613
96135
71048
79093
43902
43928
12489
81027
89830
73757
99589
14707
26838
58643
73441
79330
41762
66946
13301
95679
65603
74458
59085
39867
78104
59462
58338
58460
95571
78347
73571
05907
64066
95717
67513
67638
56724
50155
38772
84762
74034
74724
24888
84766
50664
95986
59463
74549
24813
15737
18333
99555
68325
96115
49116
57379
99624
47580
05902
84304
69041
66941
95429
78371
50145
50860
18823
29939
72526
13834
75934
71320
48190
18816
50137
13436
12975
41739
15861
99359
76930
67882
58844
79781
96063
59055
93042
81335
81239
49833
56568
57574
99635
68332
88419
92332
46146
65729
68734
59640
99034
59007
57585
80463
02872
59418
88411
59724
68375
58484
58062
67631
99333
87516
62359
16837
59065
21648
56659
22989
62829
59260
73731
57236
84533
56147
99644
99788
59026
96108
49826
60437
83842
99149
99781
83542
22509
73520
76623
59830
21669
35477
93554
16849
24848
14039
59532
01084
71823
76628
73727
41849
80025
36313
57477
79519
99631
85360
65286
61077
79777
67155
26404
59746
04675
25942
55111
82845
89412
50862
64441
22948
48410
65541
79239
87729
73851
67744
84329
74943
59842
50104
79056
59467
24093
42742
21650
73719
42130
83253
75782
20667
98562
97531
99730
25076
86433
69132
59454
88025
59020
62843
38767
67733
52066
44285
36031
23416
86003
82943
68324
99648
63330
99583
16622
13124
89420
26230
44274
81638
58564
88136
84516
74535
15746
31561
74760
59081
76884
83012
37848
28749
77453
55725
66862
99691
49952
56688
54978
67953
23045
89446
58229
88417
13415
76885
57429
56654
94074
12961
23163
64781
70632
58787
89834
45897
16675
95944
58569
71434
97884
95493
95676
69157
29844
58830
69039
57457
23409
25090
59315
04003
58744
16616
63750
67840
76873
79380
34140
93237
71748
79053
25653
16941
50064
02873
29331
65564
97144
74368
80801
83348
38070
99640
16332
77448
96040
68452
41833
61543
16217
23389
76459
71406
75441
24861
05825
76436
98050
26138
52652
12841
76650
36722
62622
81325
97736
82052
15502
72827
56685
79240
68975
53928
95699
62076
95715
50527
04851
31081
68821
71758
72428
81434
99558
80929
58013
97842
56389
72169
89430
86437
44424
65715
57780
04964
57531
84023
61855
18980
75858
21023
49873
93605
52588
14783
46778
54430
24867
78635
71410
83466
78836
99724
21644
71745
58524
79540
59253
96110
63560
49282
97637
95335
19435
95514
14413
94573
71864
71662
80423
47596
81081
30412
98616
87733
83235
18357
83220
12024
04925
00934
41181
74567
61479
61328
18454
01338
39177
85343
72038
16422
72828
71452
82635
65468
58266
68789
83463
83465
89496
08316
58343
95511
93528
86029
58219
67836
12724
75641
61426
44671
96123
68711
15781
76887
58431
50467
41364
68952
76267
14529
56525
83424
57421
18430
82229
56755
16855
88424
25057
27594
96136
59848
16864
57737
93522
57354
27256
58323
57584
59484
70463
17778
12459
13482
04226
58475
99549
16220
82440
57337
64655
40874
75689
41534
69220
35112
58029
24830
74046
43510
97837
25922
87736
79326
51015
67674
42762
67659
97620
24442
68837
96031
58712
78658
79780
63566
35649
95443
24962
25183
43733
83285
41567
23130
82434
52771
62279
14035
99160
99832
15087
40843
25876
50052
40995
13826
25650
82430
68429
76940
59867
26259
33744
03293
19316
69221
32692
99675
59244
62928
18420
73001
87824
50101
25966
99690
83826
58386
42124
76870
57636
95248
56711
88410
59424
99670
16638
59071
04625
96085
58641
42153
65766
72517
32356
95375
57344
15780
58311
79233
93226
15821
01094
16631
71722
67559
33867
30423
65443
37396
43962
31045
54561
84728
78565
93524
58007
68749
02829
04944
88263
88436
23952
25534
24826
74866
78563
72540
18212
59062
58363
06338
12115
32061
88255
59461
99668
14479
50835
38964
97125
59242
68001
63567
56056
51459
78074
58281
79537
80746
95981
83322
80473
95923
98670
57576
68753
67018
24993
99591
42332
04645
24433
12483
05868
82051
63955
51460
82422
72005
82063
25870
65246
98950
47174
69219
44660
61751
68315
13649
06439
38768
12441
69148
72048
08042
71820
14134
24729
99649
67629
16223
52307
95934
22723
62261
36913
81045
28733
79021
62344
88344
80862
40820
25846
82219
59547
97712
19472
66970
15741
35457
12544
97722
04019
13353
22845
95735
72353
79754
62965
24724
76848
62519
60926
27213
17723
68330
25817
06390
97710
82642
63674
19902
76685
03890
78385
59012
69161
16670
58224
44693
42252
26720
95720
03238
98571
15783
75788
25811
65664
18223
75779
78352
98025
78564
47845
13675
57782
59419
88134
19535
97917
81612
59545
75642
99579
06753
57640
81059
84719
59466
13475
78677
25853
74459
15462
72383
78885
24316
99733
26667
98297
61346
78145
69036
56146
17742
99605
51051
51111
61374
72014
59252
65589
25060
80426
75659
46961
78851
36910
72328
28362
25201
80745
64745
06336
28629
15744
50839
71651
79783
12964
82073
97905
23108
72391
15476
71952
07870
59058
54565
01097
26296
40844
05031
99754
24415
68380
08064
12911
49775
46965
04541
58074
97758
71401
72340
36476
98623
65320
68954
86028
59076
26209
96742
43523
61236
71728
61027
69037
17769
58451
21675
57426
43761
95013
57758
71316
02713
65484
05833
23488
97494
11973
82217
98811
59077
58244
82332
68379
25115
76469
97911
72182
21862
59025
79369
28664
83203
95140
61057
59343
67673
86016
62541
59537
50165
42163
67660
71250
76490
77961
58236
72165
67012
66955
76953
13333
66863
81084
25022
57571
97329
87525
38962
84732
74068
85341
16730
16361
13457
13154
91608
96061
59319
68444
99146
49877
37730
77617
59345
69135
21790
67143
70550
43446
62098
64420
43951
48743
27821
18440
74761
79755
26268
79324
83666
83469
46302
40007
29046
39595
84731
49717
50110
18820
72181
67515
50573
99665
95910
37213
83460
51432
87730
74946
43336
59214
38132
99580
51341
99704
13123
68946
83119
79785
28589
63950
80732
97817
79230
83433
43007
77882
55036
12750
15777
12452
78871
31832
83446
25421
78360
12922
62532
59465
33855
99745
37719
72379
01380
99154
82837
45677
62961
85633
40946
93633
80434
14029
73435
32530
99565
79353
99706
99105
99548
28024
17727
78142
50551
57537
88034
88114
76263
84621
98852
87005
97711
25666
82081
26327
21930
69335
97903
84313
71678
79247
06022
62266
48411
26298
15776
59636
94950
05731
70038
82936
65439
59535
56541
79231
79251
08039
67021
32323
32830
84755
40350
64102
65728
49864
59333
98536
99564
77973
61276
96119
05840
78828
81138
17343
55029
17251
25173
88009
05666
67363
89831
17261
26543
30449
51656
59240
97902
99608
99836
78125
04764
89404
99547
99923
21031
58239
79259
99651
22548
59223
68362
73437
58362
05768
21627
27259
97920
41848
25857
58002
26291
93634
75564
81522
72028
98330
73946
75658
79243
40829
11931
34729
87117
58009
17739
24322
99677
68881
79560
13639
16871
61433
43520
50831
85619
96111
06758
28378
76573
15763
77467
58355
13738
88421
96726
74737
88254
59276
18035
37165
13352
71772
80479
93530
57630
73488
29912
74117
69365
97908
01260
69027
63743
02823
77561
99569
59082
19523
99756
65062
71659
23398
82648
14083
39088
82929
99136
85191
59642
78021
97909
31327
72747
46937
13678
83243
57659
99625
10911
61424
10985
82058
16940
82725
99927
30448
65784
58644
88347
88103
31421
92384
99575
81128
59316
77852
21715
23955
63467
43325
96132
41366
96071
63535
67518
04635
26210
81021
04267
72199
04227
58339
47437
79002
20660
59039
40376
97819
23884
77976
93262
92364
97057
75562
15565
71666
99726
17865
73770
12820
99647
50033
79033
95463
70773
24816
24843
73668
10932
99757
57650
82218
45112
30289
36568
77458
99825
41351
19736
83337
57358
83812
88040
97751
99144
24131
59273
26289
59435
67150
67049
26152
42060
73553
73746
24895
24731
28074
26366
69042
63675
36766
66760
70513
81642
87060
72587
93943
76869
58065
87070
99790
23304
81411
88126
79066
88115
63746
15723
42338
82844
30664
82711
17039
16321
40808
87724
27877
88264
73551
71425
79376
23426
04454
77412
95680
38046
58310
95480
88314
29062
74360
47366
80475
18457
82942
79094
41386
89017
97639
12864
59312
88342
72546
31814
99656
98544
67476
65730
47104
25977
36543
72352
72338
03897
63934
69331
79258
53099
24239
99732
87573
99774
38021
57346
56720
66251
12745
47869
28537
54417
66961
64765
88125
05901
60183
25936
87011
72325
73960
59083
65409
88262
36454
57364
56210
87049
93623
47865
28041
35577
76836
58452
24411
59933
54643
81046
50521
85902
71472
30756
45267
21285
79051
72636
77555
15275
57439
82224
99638
99903
25305
32192
18195
23870
98158
98174
10953
10910
10915
05746
89450
37929
47907
41526
82310
82335
25231
35119
82061
47986
35185
03604
95309
28244
41310
83121
32203
32214
11451
11371
11359
42322
23414
25002
47021
47033
11717
32899
27599
90831
90840
27593
18356
11556
11424
42444
13747
80448
80471
18225
18239
47875
65666
28282
50127
38077
38113
02643
97208
89022
79759
79769
79770
79776
05664
37316
21233
21240
21287
33022
28280
73022
32432
46922
91371
24887
30272
71721
23408
13645
46945
46971
34487
38254
05481
05485
37232
37238
16699
98364
17822
83602
02672
22214
38131
95325
71475
33039
98353
40979
40981
58505
28755
79402
42758
42759
28770
11798
35491
94562
71428
03910
90095
32512
47457
73019
89437
89438
38007
66115
32768
32775
02203
48242
48243
71339
92096
04992
22957
22908
74721
79344
74753
03575
15934
53792
71218
48233
90079
96916
96917
96928
96929
96950
96951
71230
71212
70825
21560
83720
83725
31727
01144
30460
64092
46502
79073
88439
66778
88349
95364
05009
23021
43047
20892
20894
46513
79091
96915
81633
81653
72905
10311
80646
72829
80544
47467
61237
61091
72367
33101
70786
92132
24850
96913
48710
40816
79085
79058
98559
79025
94188
35615
96952
02205
17534
14453
92222
63962
92182
98609
18627
70629
96799
96820
96850
84008
96859
96910
31564
46170
78841
70139
24738
22035
79008
79012
20771
78951
56658
75132
46206
43218
88268
13290
75261
75270
75390
78802
31524
43433
17568
40536
40801
94128
27815
04926
04940
36851
92267
53157
06079
37450
90052
06020
60939
57776
72313
47870
40448
24022
88323
78842
78860
75429
75434
43436
04271
04234
24601
70050
84114
84138
49263
72369
28662
72329
08858
32723
89826
69171
24581
33388
19735
70163
95430
55450
77436
08095
84322
24570
96155
84180
92280
92304
75671
45617
45618
45624
45642
78585
31213
78540
75687
75694
75680
98853
75865
75942
45720
98921
84540
10174
10177
10199
10271
10278
20388
60967
23441
20408
10111
84515
40334
53940
13121
13119
43530
76061
45423
45501
23250
23302
20415
38365
20418
88055
96116
40221
29724
72387
10171
10172
10173
43711
30111
23147
92415
92521
20427
40231
08074
04918
36753
92338
63738
28710
26236
26162
20661
20431
76439
45166
30090
78338
87933
87749
87750
87753
85026
34101
19113
19109
19112
12490
76241
10115
10119
10152
10153
10154
10165
10167
65801
37851
66118
14827
14856
77580
77432
27570
36764
93558
87554
24469
84753
15290
63155
04683
04286
63433
36741
04737
63466
36615
39832
03291
10112
76880
78144
43914
35990
36008
15260
23081
77468
19442
76565
76824
44901
35082
87735
32399
87581
65741
10168
10169
10170
80939
30726
10103
10110
01561
14588
39753
07881
78150
12226
30822
80266
68588
10542
36556
36564
92697
80293
76831
78111
00950
16550
00851
37733
17120
50319
06072
80294
39324
39529
58255
12872
26228
76902
78029
78062
95559
87518
38503
38542
14785
33550
95958
95972
38550
59623
36114
39269
39635
85236
07820
76939
31039
00802
00820
00830
00840
93220
36512
36130
25810
77960
16312
55903
39167
07703
26544
36547
04570
93064
63045
63047
00850
99513
99530
95587
97752
28019
28509
47836
47851
97604
72515
81227
81228
81232
14642
12784
77986
78001
55155
25699
95915
99695
95929
68183
25851
14756
99707
76874
62962
55905
20045
77875
85535
61331
97709
72053
62706
80419
20530
20535
20540
20542
20551
20560
20565
20566
20591
32313
85654
85709
85721
85724
30334
01525
80264
85726
39061
39173
28355
20260
20317
77341
77342
77866
98154
82646
29425
15378
20520
95226
77368
99666
30912
31004
38776
25943
72108
19710
19716
12722
20250
20510
95613
87101
99850
99767
37732
72119
23681
72133
22646
47831
10020
41713
82630
90506
38731
95721
85942
20515
20245
20204
20220
33840
86443
38723
86435
93519
27697
27709
65436
20230
20240
44232
35149
36470
