25405
98360
62522
36027
32963
48836
80107
45377
38606
32908
20639
08009
01247
37341
05201
31709
87413
01746
93514
49068
14048
77445
27214
89005
03106
31523
07882
73801
71801
97089
75762
19530
36054
54467
30642
75961
43021
29907
77474
82930
81003
95304
00664
34475
02339
41094
19968
75652
93636
59840
53566
39773
32310
49242
93505
43125
33170
10941
63069
94019
24382
20619
27282
07828
16648
30747
29669
55387
04605
16323
43506
06084
75418
75143
37924
28584
99006
18407
06831
53901
32254
59937
37721
45002
61853
98363
95540
65020
97448
95490
84066
18036
31820
01095
13215
89508
39475
55077
39339
38571
29365
20124
36619
77422
32063
72210
80621
17870
32696
72745
62034
56082
64057
93640
49047
49660
46561
29936
37642
46582
29624
76306
01730
15668
13057
87015
33981
78611
64701
65583
55040
07480
27055
14901
29697
39074
44044
27524
02333
30103
25704
24592
06795
98077
93221
53959
89460
43545
74344
64080
68310
71923
87410
94552
12771
72117
52577
77808
03076
49286
46163
64468
37073
75773
54961
48160
06416
74955
95357
73096
55056
99350
81321
12182
97415
50219
11968
31023
06477
78557
23093
30401
96778
34669
26241
81416
40444
21666
37617
45804
60545
67156
72936
62236
74467
29325
37772
27574
33873
39272
72103
84029
64507
93723
85650
19734
28315
15767
80549
77488
71302
74003
01569
35761
38668
97503
78726
31539
35951
72714
12538
35180
64079
37416
77372
30110
80640
81650
64089
44904
43452
37663
02554
60410
44875
37760
17362
03045
76367
71295
67060
11702
54241
27023
62966
44041
46975
71601
41056
75757
73089
35773
34604
55364
85118
44141
97361
32425
39571
77510
49721
79007
53963
19522
08215
85262
01778
46310
86047
98579
78576
43031
01527
71655
23836
35210
80125
64505
99901
70070
01331
20166
89441
95252
36064
68048
39574
29693
01938
12528
87544
10980
29571
21029
02364
30523
77484
76905
35645
31032
41143
97741
48189
65742
48166
48381
52003
34452
44721
61764
37683
78861
70739
76550
98660
16830
25428
95360
44667
73644
70394
18444
29626
33868
33037
03743
70422
28021
72012
20882
73942
27522
33513
76084
18634
65560
06903
77651
27958
12839
67209
00780
10924
24426
49348
53074
14425
79849
45426
19934
15370
45152
67010
72455
64735
35904
78580
35750
49090
06812
70529
21047
77032
21620
63080
61443
70615
95320
35504
14513
59047
35650
61071
23851
18202
21550
60442
46184
36078
75647
00650
81520
93204
48801
75686
30204
31316
39183
08069
71953
28697
68133
13676
61866
28460
25425
39367
27863
30650
27892
82520
74033
24301
49079
01507
70047
05468
50588
23847
85355
45506
60033
44425
96743
43146
63841
06413
45690
95650
49224
33872
48383
35077
70452
85307
34461
35146
25302
34479
28551
02053
46540
75167
18436
17350
37618
34432
66002
18938
49345
28364
02532
97739
70811
08534
19943
54843
37062
11949
55042
62206
20872
53558
21532
47601
64154
37650
37777
24739
44614
48118
78076
28650
27249
38012
23072
77807
14586
31501
39540
49337
56071
98848
48462
95315
95388
84501
15238
16686
75633
67301
36272
13209
24354
02882
48173
43103
36037
61705
29033
95030
13032
79735
43558
98948
42642
99503
31014
48625
99114
57069
98951
64772
81147
02052
28467
28748
36551
08260
42211
19344
68008
83350
23875
70665
76450
86322
28016
43567
32344
36877
29061
50327
12586
39470
06478
37406
29520
13815
72396
25419
12953
66083
97814
72921
15857
80863
56701
95640
47805
02769
73078
08048
52641
97056
95451
51031
75644
27932
89060
76657
45694
54409
78559
45885
56093
13421
28360
97141
44260
44054
15613
62948
20695
14063
18512
44839
21769
65708
20678
18643
48079
13066
02921
45631
32776
98823
50677
48840
75935
40336
72543
26726
19962
47006
43326
79556
39701
63051
52627
28711
18431
27040
70538
04105
23662
32220
02356
79772
87571
33982
52101
97862
47620
38556
76537
17756
15061
35453
93908
40484
68122
38358
08512
77336
85266
16428
20607
32348
05602
59044
14519
44811
60633
62052
45434
14411
08070
72150
71269
18014
40108
77836
35217
32054
15071
14843
74868
47371
49333
18428
14527
46550
11961
01879
35759
66071
37327
38821
62450
37854
51301
06424
41230
77708
98528
77461
19153
71129
35768
68850
19475
78629
93923
01030
41164
74604
59501
29672
04345
38060
07853
85501
68112
53534
84664
28462
36863
27025
16137
24202
02093
99615
26105
63670
13617
33567
39437
28372
74953
29560
17566
38843
38340
98550
06238
19311
82435
72086
48360
29691
84050
59870
81625
34731
76384
10514
28345
06355
93543
10520
48609
18960
25504
39705
12701
31535
75654
21102
35954
61548
94517
94965
70754
49849
23150
08318
78336
03878
25309
44056
57005
30529
15066
82935
29620
16635
03275
51401
64601
07836
74023
83333
13041
67219
99019
29829
36613
86327
08502
49412
86413
99712
61525
39059
60554
70647
19390
61254
28580
22657
22172
36587
18031
38572
44432
39563
12095
60152
73068
06076
46761
39666
78669
64075
17754
89179
39482
63857
74960
11545
01562
48723
81505
81403
27573
76302
18055
74948
10918
28778
17003
33592
60012
25411
64503
21788
80902
45309
52632
60950
19312
30427
95453
01571
17551
45680
87020
03031
49858
07885
25313
29180
43953
81506
49071
78065
37879
01462
67230
76354
64429
39090
06482
75835
79124
56031
31408
31757
67357
17584
88008
50112
64132
79331
81082
47119
37367
02347
40033
81008
97138
12566
38866
13827
07458
98019
54806
19540
01862
78264
36093
40965
38004
01463
04043
36110
32693
19352
75494
44074
02896
93108
57107
75462
65026
02330
68138
47670
10970
45807
28638
65605
97023
30467
49801
45068
33332
17740
07456
59301
45305
30513
06239
15902
75428
52556
53085
32736
59860
32148
39819
04530
29010
39817
35004
99603
02056
21787
30436
04090
73045
18073
84653
29472
34488
01540
24055
39581
53527
63645
18353
46405
37764
29572
53098
48001
02748
29067
98390
42345
39730
32643
71351
18080
95073
60097
37807
57719
98580
53563
38663
63077
62946
75979
17847
49097
96708
02493
62812
73503
33875
28723
61944
70814
12188
66085
19526
14810
95425
19933
24477
17340
34637
47460
97351
32333
98329
50138
93647
22835
49127
48065
30025
61072
93442
97210
76645
06357
31791
14004
29670
02061
48732
45648
78016
48895
17972
48809
48604
83274
97367
60481
87004
49457
17313
32046
49103
27944
32754
18840
25071
38703
60548
13492
47122
65809
01450
86336
98328
41035
30607
62881
29645
46036
02375
31620
53965
45122
67147
28377
31636
28612
92055
74728
17540
30337
30417
28384
21853
74851
00735
30622
62010
81006
95012
93614
28516
73065
29556
73026
28457
32820
74301
21842
95948
55092
33540
45106
17241
72112
48875
72916
81620
76085
66701
33843
31788
72730
48048
76426
18252
61080
02645
28103
54615
54451
87420
41653
18071
75570
72616
07438
30531
14454
18657
07417
74873
05753
65355
46534
55011
03909
76273
72110
13323
10536
63124
28166
77954
35653
35058
37074
87402
47586
35620
17319
00688
54942
05495
79108
45806
63012
75706
94571
89410
35125
29812
60119
28470
81230
46231
08004
95953
67337
32409
20732
89703
66086
78362
61065
15065
44408
65584
28610
32833
21793
66720
97365
38058
27301
12549
85735
47012
53120
32446
31027
22960
71047
15522
45875
24084
56470
63390
38068
65233
30054
19317
03077
14103
89423
33859
28425
62960
45833
35565
78725
49306
36544
13148
56721
83661
54971
24121
06268
32640
92254
13619
23117
23024
75785
30755
75551
30814
79022
06078
48661
34448
78538
61356
61607
19952
31036
36206
44026
69341
30268
79766
40513
70775
57785
70512
41472
03766
34434
46403
92567
08079
86045
62896
99005
92320
35223
95326
23002
44632
84532
37186
61462
36104
31639
74132
86040
35570
21617
28904
48138
22968
49323
27052
78063
33050
30439
30666
29322
49696
43351
75442
13078
41339
03755
28721
40906
62712
16407
06071
39114
46173
41465
08889
02571
81632
32169
62918
29927
93286
37757
14502
06475
91978
75645
63044
27298
17702
33955
24522
49408
76667
84319
33947
39577
98252
46001
97479
31082
15063
20755
64834
02743
34453
95713
38320
49078
14467
77418
02341
78945
75495
66111
32680
35906
53572
62454
49112
28168
28333
31320
27910
55352
72753
48359
32340
98070
74525
01082
24219
16901
96019
10992
15037
95386
92314
34450
70544
70818
37840
21911
19350
00707
43338
34602
08322
78257
27377
97426
15963
47001
17844
42445
71635
28777
04938
61354
43410
44890
71119
14032
36420
01588
75758
22827
20636
19975
49107
81637
10930
24211
44090
06883
85941
36874
74010
14092
02563
96795
61301
62471
66012
79382
62258
73080
44481
64504
98541
21629
78957
31793
84004
38462
75135
22060
17222
49230
38751
20640
16415
93465
77995
75650
78578
49931
35128
72740
25901
92657
00731
96097
70129
37841
29541
77563
63348
76078
06098
48117
01475
02631
61523
71832
67410
11771
93620
37381
46341
12571
95338
85054
97457
99320
95694
01460
21713
74126
53581
39667
29054
38201
20181
72173
86503
22812
16354
04976
22942
29161
66618
07419
24521
26354
35051
47978
46506
70774
80517
71459
25312
71852
27045
14870
45669
73051
06382
83316
15137
13357
26651
76249
04730
66007
61264
93646
58301
15022
80424
37397
18447
32038
12414
47542
35501
75862
10510
22443
53037
38618
38570
56374
60523
87059
35634
78616
49837
21048
75708
29654
28310
65043
07722
28621
85937
77554
78061
32920
78112
48880
18222
62246
72007
21795
64078
55328
44662
55051
15367
29920
49544
72834
79316
40118
74857
53549
28754
52748
60464
83263
51250
59923
76230
15084
95033
18058
85390
21783
70734
32110
21219
02762
19938
36421
85602
31064
32784
78942
29702
06371
78736
55792
31643
36467
00616
85087
70346
44615
36274
33850
70466
45176
17866
77562
29510
46507
28138
23314
74432
55308
06798
37037
27357
28445
01772
12061
28753
55340
20736
12828
81050
07945
16059
39573
15656
12569
28340
74745
28513
11716
45107
05001
22712
14031
54487
06019
48617
66610
01949
16412
42261
85615
93219
20841
30217
81303
84315
27376
36610
74434
35824
92325
35555
68467
93622
22664
30536
47842
56011
78730
50035
76692
49302
79070
60083
15906
04412
45157
42262
04086
29138
13350
73055
34956
39117
28107
48653
55355
24293
49461
48074
06786
97383
97378
06013
25311
37701
84738
60449
78387
35503
49738
28170
27017
78003
32124
31510
53182
18324
51442
36460
04107
44657
48164
15005
76655
35769
15717
34614
81201
57032
79756
07760
77611
82240
97487
19560
50003
48509
30752
69301
13037
43019
82633
78073
35127
18034
34429
78009
38011
56353
73601
36703
16441
53551
74426
46106
08628
73075
08098
78368
72949
03570
70359
24504
29728
91935
59711
96790
54162
44216
76571
53536
95946
83341
17963
97370
27542
28174
62863
98606
03857
13165
33597
06480
70445
03825
50616
06712
14059
15825
42539
68110
99022
92359
52802
65559
35079
77625
29574
71334
53168
98841
26452
46567
98611
28469
25541
71483
15690
36105
36083
42330
14006
29172
38008
08022
58854
31537
80543
78733
39525
98346
38474
45714
55121
34428
39232
72751
99156
05819
04444
48444
94931
46819
59911
12540
44028
83712
87801
31052
70444
75021
44444
35907
28690
22611
29207
47885
01590
01516
75173
36079
48750
75704
60416
36561
48062
07825
38558
55063
37190
06339
47446
68333
32561
35652
50220
64129
63362
80615
51534
32976
64076
81611
14522
06260
99021
53086
01077
01952
29127
59457
01504
65619
49240
99026
01543
35096
67152
15024
80498
42748
01062
24416
25143
70669
22932
86315
67210
87048
30566
12572
54944
30554
89451
04468
65781
97530
14472
77612
37686
48768
56431
03281
48165
13904
42602
18229
33449
98250
50273
14001
37185
60081
14895
61727
49720
37641
36853
24531
79911
04736
54482
37877
31329
17547
45154
50428
31719
46075
30290
28429
29851
13036
01069
70548
28731
52353
44681
30453
85344
30145
18708
43964
63664
95988
69001
43105
74437
32179
98629
34607
03276
35960
75949
06525
07821
39154
68434
39455
04915
49329
05156
50801
32234
30230
24901
49404
13642
95322
81052
42743
71463
43724
04096
06379
29554
71282
93926
46962
32626
56716
29006
47348
53128
46767
31411
39170
14437
02673
54929
25413
35179
53925
89029
17872
45327
68410
24343
99001
45121
83672
39111
25550
98247
16866
81122
60041
77957
19945
65712
83805
29040
62832
35952
98936
66227
72160
72176
56649
49460
93625
31808
58075
15632
31302
31779
17236
72472
16055
15931
54923
44707
59270
03235
55079
24605
36345
02568
85123
71052
10579
36856
19533
38059
71449
38344
31308
01230
38574
76060
43076
18069
93546
38965
95327
38851
66218
12159
92310
71671
35085
13367
23168
29356
84036
21797
08833
50595
34688
56472
33931
76044
84701
30535
47441
32040
46072
66617
28337
55920
28466
19565
64034
54665
65240
45123
30510
04032
04769
46278
49419
56425
29376
29330
06896
38852
46565
22815
40121
75941
94572
57717
53555
49327
30633
44231
02054
86429
48457
65711
28465
24266
79404
31087
70345
33548
46809
81631
35062
18651
52205
70583
00653
24588
34431
70555
37033
16214
74015
35474
27983
76539
47872
39823
42320
27882
76424
39428
18848
17020
92241
60136
47424
28785
03874
47553
67052
37385
48415
80421
65453
75140
37034
36545
19343
62056
28422
18330
04064
37825
37861
49038
84060
27310
49646
35476
94930
11792
51360
54521
46391
37347
00670
56320
21032
37871
64744
99703
13365
15074
55976
08086
03049
24148
06234
12754
85643
48357
39652
78639
46406
65672
37322
48612
73086
72837
07874
39083
03052
63703
47882
38651
95954
30442
25304
65608
07849
50644
97540
50022
01523
46738
17363
17316
41144
76567
30553
45693
04093
15131
93434
80435
83619
28713
14085
35068
56378
95006
41129
73446
89447
27048
27239
36264
27557
86440
75147
55070
16417
38375
27569
35654
99835
42167
80433
26525
66547
72734
04473
37187
59635
35956
01833
44047
08848
61342
63070
70443
02025
52411
02540
43566
36732
31730
46392
75789
40456
20141
49031
23801
72927
03904
48131
55810
32136
65746
50201
61834
03304
25560
01473
25508
59330
65737
15537
78101
33841
82301
55336
19970
54457
41139
55009
48461
74044
77480
17038
92067
86033
74346
38355
08270
62233
14482
95726
01921
17327
49866
54669
73165
35044
44230
53040
59725
67110
35986
53948
40977
34433
25430
46711
35962
15332
07930
23009
01057
75765
32550
81211
13035
53177
16063
46701
97760
70633
49712
34436
62707
08515
66220
65459
38382
18088
30646
30740
70392
90077
27828
39845
48746
62274
00765
08530
76446
35005
43515
52060
44270
47394
79510
32132
30187
01432
15085
11963
15658
64085
01564
49083
61856
20115
52544
17842
48429
85361
17345
01220
17320
96712
93463
32112
28657
76520
99349
02857
03901
28586
27949
23970
34291
30662
71467
71328
62049
29655
28080
44233
32052
75182
12009
56347
28518
43028
18328
58072
77964
49349
64759
24175
43449
55944
32440
74743
30546
97882
76258
32448
36375
30753
46923
04046
08640
36323
98815
95065
65757
93449
29123
78648
42064
48356
63935
02813
75783
08758
27313
03244
04039
64156
66609
53018
85336
53181
31201
16226
03865
28320
14428
27505
01267
27509
28097
39365
24251
96704
25271
43764
85194
70420
74848
95220
41858
21770
39451
57049
83860
26070
00622
89429
54001
59804
24550
24590
32465
29135
06035
17349
35031
16033
81226
50321
01568
62837
48629
35114
43935
25840
92252
98922
62626
12564
68526
75076
03773
14589
57042
38824
07924
05488
44287
30742
84765
37030
44683
43906
28761
06374
12043
44606
52057
01519
18210
97009
44618
20833
48350
95324
15042
17578
66025
54495
15683
07004
92250
55045
10504
48455
56387
08203
05482
64485
66006
27371
98294
18801
27018
89061
19939
24557
71822
30683
67124
19950
98826
45660
44813
53014
65018
29385
47396
95969
32064
40069
96067
48848
33031
23141
20180
33194
01982
21035
07403
22134
03249
39842
71241
12033
14470
27817
19807
31321
29449
73005
41008
77665
88345
27822
52349
66053
37820
03885
30817
36322
54217
96771
06762
37146
02648
02338
85354
54020
29842
30710
71251
47448
26155
71078
24171
53821
34949
15417
71040
48616
48657
56329
45692
82834
38028
54165
70437
04002
04084
33920
48158
88242
28127
17857
02379
98014
35673
98816
40311
36350
59417
27051
74108
95932
79830
79512
01364
48519
75114
92276
07421
01583
75684
61951
37331
39191
72560
64683
94574
73179
48734
46124
28771
06787
77864
78605
14057
17032
98563
20711
97411
45304
14141
95693
62232
57064
98620
77362
29544
35151
97146
06612
28128
46783
18037
54155
29824
95316
13029
65622
12721
30905
39556
60401
20616
05855
46723
18078
28114
37742
72476
41041
28759
07921
93510
54724
40447
97496
08066
74834
50707
45764
77371
13152
06370
12184
07823
49651
23140
55041
93591
14892
47454
45661
17059
72736
77859
83445
20754
23842
83638
27041
72081
48380
97759
25438
54025
30288
98675
61010
56482
36401
98239
16438
21084
60135
49643
49913
76634
78002
53010
79836
40390
75440
12198
19365
43543
70090
48039
98577
10590
74036
12563
21875
66749
07830
74047
71225
32531
52333
35594
50213
21754
13732
48363
56265
32424
37722
25813
49938
62565
28090
02814
06281
48811
46574
38544
52742
12983
10589
96738
48413
47429
54153
36089
32134
59864
70390
66027
08801
62618
75752
71342
16870
03908
63552
14011
34229
33876
29431
03220
04963
37058
28694
53533
68661
71019
74020
03811
30530
24078
49841
25276
95642
55302
77331
53146
45810
87327
31554
26164
54021
30176
32618
53097
78839
77486
98569
57718
44413
06333
13340
55947
18644
67880
13114
35748
92249
41097
31096
24091
25702
48438
79922
32456
26426
03042
44627
72774
25443
75754
98589
30184
43619
49649
95005
50226
84648
54755
21120
49677
76043
83801
45335
49065
72370
28604
85929
37330
49740
55616
98596
78266
45619
99559
65084
02718
77465
76073
76661
30525
79347
46034
01536
27325
30628
49053
21851
63334
44889
42437
61341
08558
27316
15851
19034
49659
56367
36025
37184
27954
40359
37890
62906
06471
28730
44050
78834
20769
54963
48054
49930
98388
29160
70710
76023
42171
21154
65625
31031
06422
76050
18433
32347
17851
51041
69162
83861
43571
97523
27258
63389
26416
35614
81635
75125
97325
73128
15748
22939
53050
17751
14903
06249
17569
07727
79364
04841
13403
38483
46167
63038
33476
44273
73049
83330
01966
20634
35670
79323
17370
74331
01775
72031
19940
53118
65010
62439
74462
97048
11560
53126
43832
75956
19960
76442
70087
08008
72390
73750
46737
17074
40360
31771
38680
12018
55359
72638
61270
12972
02675
78657
37080
24230
28530
87740
01566
16150
82401
18072
67133
98236
99506
21131
78226
80461
38967
28040
42129
07738
44255
19506
41179
76559
81647
98672
55315
21163
30108
73662
42765
55013
17921
36580
28463
78119
35953
26757
98625
33953
01464
14489
70748
27962
61036
52537
46795
73439
44827
51566
97392
41040
43315
70648
75840
48353
24614
23936
50511
08809
16403
31635
03903
43011
86505
78606
27013
12428
35147
28479
35207
24319
36572
68528
29477
44081
49046
62207
40380
02830
95631
46748
62549
31546
65049
39341
44201
71667
84049
46069
73538
94515
65542
64153
21722
43502
30173
03458
83856
03264
54011
75161
30735
02660
78124
78069
20759
78619
62821
08533
07462
36522
01834
37101
54002
04280
27043
45383
32066
54982
12077
83467
80913
70446
17519
56573
53179
70584
62557
38075
30739
01860
24609
87035
78355
18472
75657
28339
62441
92233
78643
28768
06016
78934
06498
40013
51334
17061
36530
39641
79201
27850
68787
98953
93445
45656
08068
02859
01469
61061
22572
32948
17777
73717
03835
42376
85603
74631
89301
28383
70533
18925
14779
02779
39218
11933
33042
15126
15021
17368
56267
05663
68152
95046
27589
80723
53520
48883
60484
64062
29666
99567
37029
21226
28705
65065
22923
14464
72687
29511
14414
31833
02874
17961
48133
79339
28675
80840
68949
17555
79821
88401
07069
71646
51632
49690
53042
75166
33471
01983
92342
03253
81144
18947
96094
80808
86046
92356
46552
35980
48650
28382
23103
97537
14886
37036
39095
37887
23824
11971
87417
43162
47102
94028
25530
15089
92352
61241
97352
27583
37046
15946
04021
50047
49437
75459
85552
28609
82201
46933
64058
12186
27521
20837
37380
47165
02817
76825
49727
63357
03873
34946
54768
38562
63068
18403
18106
53954
59847
03894
75839
28719
37737
00704
71343
04027
97016
13142
38756
13077
72958
02739
80514
86351
16933
64730
35747
83211
72432
27837
66018
35622
65336
27572
45879
22560
62243
62231
62260
43713
97707
70374
95619
93737
43830
71254
27823
24065
50662
62012
41240
08886
17366
37329
93644
95987
45314
48421
02537
03446
02653
40023
03461
62088
20685
51537
17527
22936
62995
93234
17737
83544
41030
37863
56283
67215
97002
49021
16735
72855
29565
39629
87901
83328
72727
75603
28371
75860
01430
69337
43968
23192
53578
49451
34251
61953
78026
92548
45663
96791
14132
65548
17314
29130
86333
50049
93460
62278
03841
48808
78234
48872
46160
33576
06472
04937
38310
62230
49057
73047
33957
21152
21904
83660
56156
14530
12832
44624
39576
17339
52310
47060
24277
95018
24441
30802
49082
41311
17579
14569
80816
50126
32435
81652
42127
05443
98010
81621
70668
28789
16841
85622
45828
62254
28673
43334
75640
20637
28782
24228
39476
55734
15853
37048
29835
64037
12570
19520
46571
37025
30183
39071
75763
06241
30621
63830
38860
51012
34981
35905
28762
70776
01226
65648
08501
61530
49415
73084
17322
17007
53949
63016
73052
37419
64831
76691
95971
29479
25306
96741
53528
38858
13346
25213
99141
35581
43526
93428
01756
32008
03848
38666
40067
37708
10506
13073
28073
06335
71263
01534
23487
73077
47243
06403
46996
13135
21632
51201
76642
27349
93656
36310
12158
78052
06419
83530
62839
23868
01969
34945
23665
01073
66616
04270
39119
36024
95658
40026
35184
47567
10507
17347
73149
30673
36266
38225
19362
48821
30521
65631
24340
19543
48422
26836
08036
28124
29676
75158
42408
01747
67701
03242
53033
79745
24101
37752
78017
28163
12582
49802
40312
74959
63780
04364
26170
36549
17360
84627
44286
12822
47041
49854
36312
54216
84741
13108
03070
80019
30563
02822
33834
53813
78059
45697
46120
12834
46777
03222
66901
49663
13339
17976
77360
95683
39474
95470
54801
14514
38485
49285
37885
70760
14706
75457
05661
07465
52753
49251
67101
96756
01524
27350
49420
06447
45226
28431
36784
76458
37085
71327
26187
83455
44730
43316
54208
30292
56081
18091
40729
95666
01033
30175
28398
56101
56058
28572
79536
21727
40143
54812
25570
22821
49087
70441
98315
14047
47220
10994
17073
44272
39325
22824
36521
75693
39355
36862
68524
43344
52314
21619
93924
59833
24054
42038
48003
54157
24558
10577
53583
76633
37022
03561
03032
37681
55046
14568
36268
65066
75172
73117
11942
48611
29853
31714
71232
95436
28722
08230
35961
31331
77050
80102
39837
84339
61088
36271
61240
29661
52172
21013
53559
62675
72823
22973
31811
03229
55388
03868
46765
05851
05733
48622
49028
49935
69153
54456
64040
83336
60970
80136
42717
35978
49055
42553
45311
78595
84624
15627
46936
65653
28391
56352
18224
73105
27807
39168
08551
80118
55071
90290
57033
97391
93501
75148
50659
30113
55069
37098
63089
98443
26150
13316
55356
45345
06057
04274
24630
04276
13856
16915
53955
48888
21776
86504
29709
62205
58316
56572
93256
26431
75972
76437
22851
02030
01238
39740
28555
57747
52531
19567
32535
70426
93267
99027
99326
38849
49269
12090
31055
12518
26037
29470
55373
93427
54848
16662
30415
95467
02825
24273
12542
26753
70744
74059
27020
43912
04282
37096
60468
77659
99025
54114
95709
06354
42347
64067
53950
18066
32466
79363
07082
13309
74352
06073
74859
13865
40162
45817
31804
54154
48626
53104
29555
41301
61873
48849
97423
75124
59828
56364
72065
42220
97444
32321
56334
49098
35578
74730
29058
18655
14469
31774
74016
14009
21104
22727
48412
46402
16651
56751
48847
61362
02642
45171
17810
28458
14174
73448
22842
62930
52136
36352
50436
04457
71373
29148
37357
29335
32145
05491
62225
33538
28356
43756
07416
14036
54612
26250
98932
21087
21755
24370
44021
35672
42029
04260
53119
42544
76579
23063
49270
76255
68066
74578
72106
02770
48726
38826
53508
87547
23924
54110
26181
12051
02892
54548
93270
73150
70373
49421
74441
49099
96762
92397
59722
01740
03033
47610
52340
80542
39479
66211
25506
02835
15330
30543
24651
03307
48095
37711
62203
35042
15478
21903
65793
19330
17307
55320
42206
49250
37769
32130
71409
46366
72718
45628
41169
85634
13166
66436
83655
95222
18041
77517
93615
55363
45381
36744
81137
97133
24263
48893
78384
48655
72417
32565
11940
62681
57730
24360
37645
49631
22473
43465
55719
37616
51108
27855
59741
60942
70591
14837
96073
74523
14487
54728
95672
13753
76259
05465
44676
81435
37220
18011
28901
93240
70711
78390
60957
49330
21773
85550
66064
29003
76066
98855
41175
01719
84318
74073
43143
56544
10516
64628
35754
38363
51054
68818
74048
55321
28642
81067
60954
45614
14432
89820
47635
07826
62563
80829
33838
56164
44842
39345
71857
53805
06791
77358
37082
75152
06279
51601
30558
66713
56362
45769
65041
74884
28129
31822
87068
45380
25880
15552
55992
18507
97913
81413
54484
78014
55327
32666
18661
74053
32621
35442
65785
24422
67432
26847
98439
38619
24244
32686
17820
42724
32189
98331
49228
48471
28701
47124
54730
13118
01944
47356
52040
19946
27243
04416
43025
37032
34773
44612
78956
72732
52031
55319
62363
48049
97630
36756
62286
50548
98260
37705
18810
57022
10913
65610
60408
55963
78583
29692
06248
12143
40337
72416
27306
42629
17560
83355
48817
43938
63740
49343
66217
38468
54829
63023
30457
16314
14070
17004
06759
00606
16142
29684
75491
70462
99505
30295
32628
62684
45135
46017
71075
24641
10928
14801
45865
08853
03452
08867
82701
35224
34484
42366
47040
06378
37818
25510
26047
46989
45830
26704
97818
45651
48097
81526
18074
80116
26537
92363
18414
23181
71639
57770
71405
08510
32113
62951
83340
63845
29832
38006
24368
44280
61252
12833
38865
27851
39038
50441
75638
42122
79356
56310
45710
01451
48881
04009
05450
79035
63461
71418
63863
43072
47330
59201
36344
38023
17090
76557
36340
37307
14131
54986
45318
65037
18517
47562
24482
24224
29129
19504
32668
55808
55972
06441
48428
60480
29583
38676
76802
25387
48005
79088
54739
36049
87013
72744
02738
15626
43080
39744
08056
74338
78013
22656
03290
12986
63127
32460
44851
92382
14108
52247
29696
27563
97467
01035
28018
38855
13159
08344
24134
36277
55731
22849
45856
21161
25951
53017
92823
72010
13637
06524
16833
83869
12025
75559
03906
14136
03071
70084
74881
49455
03603
70343
08514
74029
37738
06237
04281
55358
13733
14590
03036
62448
64865
20622
23930
01773
49247
71322
75692
08826
37302
47558
05672
97394
17922
28386
35466
78962
37370
04843
17516
71643
66739
59634
71234
75709
05346
85623
32352
24066
29059
12446
49868
22840
35046
04572
56307
32619
24064
12170
65656
55120
36362
75948
63834
07422
48416
15714
92315
77514
02539
01741
72933
67735
21863
22947
64145
62859
43061
30220
37869
04609
16827
05454
86325
47932
37061
81323
30104
86025
98812
14867
30725
44438
15530
53594
98380
52772
74937
33762
55733
47031
98365
31634
54201
21643
72521
06026
01376
45387
72360
95655
37020
67456
30567
37324
96748
04268
87047
83110
61016
14505
32732
06423
56763
47918
78370
06359
30582
97119
46121
70344
70431
42567
89070
36251
27299
37010
65255
87313
13778
81425
11980
67550
20158
36010
49265
58047
97114
32508
97374
66032
35034
17066
12962
28636
40419
85613
13407
22974
35186
65753
15135
31305
47452
46562
50129
75109
14105
36445
34269
47353
48618
78947
98237
27011
49045
77963
83676
17053
92590
46542
98640
24801
13605
17233
06331
66725
89705
35619
43762
45323
24348
46181
39145
50461
39150
03870
27503
56464
28394
35117
72529
03254
23437
28135
49106
65441
25420
59917
08027
47390
98840
18847
24986
53523
55037
18424
99109
62615
44440
12522
35553
01984
38650
93609
84312
24260
33493
63957
21638
67026
67871
16673
74954
78372
10962
98576
98570
78025
71423
69130
35739
28634
54411
35550
42256
58237
56273
95912
27562
57262
89419
71486
14727
03470
43783
78593
29069
51247
70554
44072
17509
46979
42726
01240
52776
98349
54024
49013
65556
56479
62201
65652
24563
22520
56085
54667
62353
78652
38921
53070
97106
30629
93451
25601
25545
75117
75844
39483
84310
21830
01612
48023
92003
08535
72923
62204
27235
23690
45252
66608
17529
70819
16630
04252
01505
02322
43947
11944
70342
94304
78575
76071
94005
53080
24088
71280
31569
97446
98851
21655
48632
55767
52730
04429
15909
12027
33890
06043
51351
25832
60551
43731
59752
04426
95626
75939
92210
43044
59034
07732
81657
31645
80645
14551
03858
85034
95692
36576
74965
29164
43112
61231
53061
79036
72042
22580
59427
15824
35054
75561
68003
97032
70085
04250
02832
56529
47462
75452
56069
46148
76272
45315
54106
01585
53032
87311
52726
49236
63456
01036
63353
16433
43430
23310
16102
24517
76305
23457
62561
03044
29847
23867
06250
04071
76448
76462
63343
17841
05143
31543
10560
23124
35116
54822
23604
61910
35470
23974
14512
37336
35760
18334
73527
30411
49454
30557
10576
18621
95665
27921
35971
21710
16229
85193
40006
31092
68352
60112
03234
37153
05676
04864
67665
30434
11952
71964
35490
46721
71665
32431
58704
30559
29805
57252
42053
51555
32577
16025
95228
43793
85543
44076
22853
74056
74337
87529
68355
31816
35175
98524
18419
96101
64854
17752
28323
54568
68462
14787
75755
56633
32058
76834
49749
32617
61610
44254
18054
30147
99723
92372
54742
12123
49073
04083
47043
49346
71837
13452
83628
35772
41522
54474
85616
28468
89704
02538
16037
32438
48763
39328
42749
62263
98359
77856
74436
14423
75141
13830
04042
40150
24538
02633
32567
47660
60964
28640
29032
30564
31553
05461
43907
98844
79838
81089
95446
70657
23089
48658
17814
12946
74864
54727
48453
21162
55921
28351
03037
97458
79027
42635
47136
01005
37692
01373
45338
98251
52361
06365
12883
14510
43845
46347
00652
02717
29918
48884
08641
77879
72941
33043
16828
75966
48892
75831
46740
71653
78361
45846
29042
04950
78560
81054
96727
31068
73529
55005
13053
72634
18642
04743
00647
39827
17728
55055
14572
85935
86335
49283
01535
66434
63459
21791
97525
50124
36260
53039
49336
54555
47018
35072
95623
17724
47432
37690
40831
32324
32087
23927
84745
49706
43357
42348
54840
03862
78160
39069
37353
65705
30565
28678
85147
56215
24577
98937
53809
38868
64016
72454
26034
44430
95249
96064
49042
78022
93235
12816
68142
21111
38040
16316
76527
65565
80759
55325
70763
71417
29048
49304
56636
24279
01985
39327
22844
98249
76531
75691
71929
61739
96725
53565
60420
73173
76365
17084
16159
18977
25918
99737
29142
75656
62644
56549
56288
03261
16947
32180
89883
83252
34289
86324
47138
04239
24361
10921
30750
32331
72442
02576
08825
26378
44621
88230
72011
26351
99003
47639
43723
43431
98024
77984
65686
12887
28651
43542
45612
21639
80540
86021
30520
19953
54023
65051
24090
08836
95685
67951
30139
38469
08559
04578
44431
65483
41007
75969
21057
78417
08802
29581
54758
38456
23890
49779
55975
32131
70722
82941
74079
28478
64011
59072
39654
60552
02702
65704
41171
14546
28578
42041
48730
47106
10925
52068
95722
53530
42351
64150
29435
71968
15320
84647
19551
39840
06417
35592
68822
32950
45872
62293
76821
55375
75756
03748
63764
08525
79562
07856
78343
31642
73054
45644
36726
03861
19547
61880
71350
24910
32033
14750
80651
96088
38585
72632
31803
48367
87375
01770
48418
04989
35968
41224
13326
48463
68763
39422
56013
82443
81240
93225
38828
49862
12885
29924
10916
68788
24184
12498
56143
49682
76877
14891
65360
48850
99009
14883
29451
06092
62239
40051
24083
43822
11978
59230
44837
54634
78263
07848
87557
70339
35582
61745
95236
15681
64633
95614
03257
36558
54940
05089
14871
39439
96122
23040
40437
38916
70777
02764
47320
39066
46710
25661
61846
61911
27891
41314
95231
98935
76431
63361
70057
18421
04358
46746
74365
49245
56474
13074
17324
28756
36904
03819
46543
06088
13068
28692
04462
72650
71245
70719
54229
97720
06259
47648
55964
38079
46928
80106
80642
76457
98257
27883
37873
30471
44644
61738
12157
48876
06255
36280
46797
08343
13624
61755
03839
43777
14080
14772
35959
40828
16056
63048
61883
71742
34756
76689
53021
84017
47532
23837
48450
81252
45169
55072
50156
61752
53934
38857
28544
32580
17051
61568
62033
61348
96717
62265
48191
48634
74421
55020
23922
04236
12845
12545
65248
48744
55923
23030
37843
48041
23015
17068
47327
66743
84713
42327
37687
44003
45052
57013
65081
77435
45308
87043
48866
05477
18610
80422
46788
64048
19541
46157
28751
53531
46538
45302
56468
85925
29429
37150
36477
25320
62420
31006
54426
74902
73030
93272
64720
97918
36016
73460
15026
56621
87416
49448
47117
13849
26764
32322
39631
06278
22645
42044
12790
11568
46118
01452
37891
68305
08089
59644
45887
35049
80135
48651
61025
15059
38041
15431
54630
16424
16242
13838
95938
12053
54893
06420
45869
74962
31001
62411
38049
53038
14433
48014
79731
38551
31806
55709
85321
42086
52339
18255
29128
86334
53946
35452
08242
78383
18434
97231
69138
28318
42721
72422
30808
22427
08562
50248
52655
92121
29044
10524
53807
35765
99664
60151
95365
48137
75851
74855
29591
35741
54771
95045
71654
54552
75472
17252
47037
50536
49765
45732
03851
13460
46554
97111
63435
27864
43821
34201
32421
35083
18336
43440
40057
65689
31091
23696
55927
57580
03884
84526
59019
36278
36451
28741
70395
28344
17301
49788
12148
31063
39669
60936
29831
61063
80643
29436
45144
70712
49076
84754
48436
85736
84511
21817
21660
49920
54448
29944
28643
65079
54230
13308
54736
87116
40489
21758
27976
76444
53184
70543
45369
29817
25045
58763
83536
12015
61275
43135
96785
28366
30222
46741
62902
04930
47512
63825
03840
31301
88352
66092
71001
67654
38001
14042
25159
98245
08223
38257
59859
47438
56048
04222
30178
27341
42210
28594
03784
75426
28433
98266
99323
03034
38451
04862
30560
14882
76093
13140
43824
68372
17562
62285
17065
44437
43014
24127
62466
03086
34737
70515
65063
33922
07852
82637
24124
37846
13082
13833
54983
54722
80610
04097
96754
65791
12580
73542
14485
56368
39360
18249
81328
35546
01468
37811
99762
64856
95258
99672
30185
30833
37714
54126
37143
29689
47126
55073
46787
05743
96760
27379
38549
47246
72024
24586
49344
08827
18853
05101
36250
64844
15610
16023
22642
27207
12992
72046
63382
49326
21918
35541
17948
47346
67554
46793
80807
53574
50648
53598
44822
24549
35234
19539
07827
28160
59875
40019
43412
54015
35462
44473
48063
97004
41004
13456
66536
13811
03741
20106
71227
45883
72131
78118
07863
47118
39459
40740
63873
45142
03263
04079
12134
17062
16232
04957
15834
05255
47283
72946
72631
31089
17960
53525
10963
16134
78569
39175
44234
49615
51246
37754
53933
44470
11954
76651
14737
24574
64465
73651
99652
64747
43318
19035
05060
14067
93660
12758
97115
49328
48631
38841
21782
56514
47665
88330
49056
99111
29718
35444
22503
52301
12404
12037
48647
99122
12944
10987
80814
31773
30624
77434
69201
83313
28098
49067
74035
54171
45347
70030
97462
37049
06277
16423
49665
98831
66508
46511
57769
16693
44680
35456
43331
61074
54406
31566
24970
50438
94535
35646
67062
40347
44442
37191
37375
46914
12871
48064
50533
71064
83276
29570
27830
83641
27544
46164
12196
85933
16239
30259
45341
44065
03451
71433
30571
37031
02562
72153
37387
55779
71235
04294
52213
68826
27880
46126
35966
63565
30527
27248
32328
72342
04049
13317
96035
75563
70788
68959
85936
44084
42459
49756
38581
30055
17045
17364
74039
16743
37410
02635
78152
65747
21738
16858
97362
44824
47838
27027
98557
04037
04055
24087
37709
49267
60071
65305
97101
63445
28585
49781
67025
46573
62535
80443
27581
65633
48756
98232
38330
13803
98857
24149
27209
99686
95627
12827
37880
75792
01922
56057
14532
74538
39750
03818
32094
96013
38315
26582
36351
02667
68064
29682
02715
75410
04967
33036
32542
95004
27809
23421
54970
76374
46501
32464
42653
65604
36875
18240
44403
14416
75424
45843
92256
40823
05250
61448
05445
62060
47459
66839
02644
32455
73463
57004
04849
97026
03813
95237
29653
06093
59079
48006
61064
03872
80470
21663
85540
56520
49435
67068
62690
18343
68632
97385
57039
49657
35576
72846
72947
75975
66523
48656
22734
95321
56055
47042
48441
37870
13634
54520
52228
52338
77485
13748
55981
01436
27541
41006
23417
24963
45368
32744
29055
39338
70341
57625
82636
76524
54173
28349
65734
53588
61048
72556
38260
33956
21849
17372
36612
86510
58318
89040
78636
54619
16401
25514
55721
17824
04496
15323
04474
06089
79782
37180
49256
21536
12487
56241
72542
25053
40379
65052
67420
37310
02657
15940
92549
95379
02655
97463
78010
38665
73093
74451
04220
54874
23944
17834
42378
06375
18237
39735
73742
70577
45113
02831
45130
17563
43844
21658
17048
30257
76487
75144
43102
71038
17846
01375
75497
35989
24528
29827
71403
95634
75790
46553
85356
24315
45118
54661
84056
60421
06412
35983
96737
44253
65740
03860
48096
83422
79607
36088
49274
41095
47143
35091
83254
71082
17572
94951
03225
98591
85256
81428
54170
26601
15461
47638
49946
63630
90704
13084
61410
45850
75567
32667
54738
37342
55043
97624
29590
49094
13030
59425
52358
54646
35063
72576
15943
49088
17018
29047
19507
22920
39645
42647
45653
87042
10926
59865
61547
55341
93675
37860
42217
56360
28512
21850
23950
51109
97064
66535
85939
61559
83127
54421
32568
52327
47433
66534
95461
76055
93953
24421
40008
29112
31557
45053
65078
53103
75683
37051
68873
32442
31831
38230
71943
36091
32053
38066
13655
47987
55357
42455
37409
87323
49621
35563
27050
14823
39189
62014
14548
90058
01010
62467
63072
16875
53013
68731
16749
84634
99685
49676
54837
74653
47359
53521
63650
93437
78655
36033
03809
72461
44491
95247
45760
62321
61546
35616
93523
17023
17536
48757
74370
27874
52778
10998
02639
28729
49064
29638
14125
47993
13439
63730
59759
13862
66763
44643
64424
95383
04856
45723
83210
13033
62613
04015
27311
55006
75446
29945
98333
62016
54180
12083
08327
86432
97734
40056
06231
44609
75473
12594
21919
39040
01370
41168
18635
39094
55382
12809
38620
76476
40409
72635
27810
37658
17026
04350
37014
40734
44217
05735
54757
15312
29353
96093
54107
15531
73541
98339
35648
43522
43022
16668
53910
73737
49425
61054
59521
36442
18344
75058
55604
35171
38313
57754
01929
76233
16345
43450
12443
02837
35006
38425
44264
29540
50674
53058
99328
56024
27839
24637
85377
29940
56097
54479
37189
71921
42450
51249
11719
37886
62558
21750
18618
32343
72021
15672
52033
70549
81641
46792
88340
25015
66538
52162
18458
60518
83101
29162
54853
73169
18326
37060
29810
23603
06426
13491
73131
97844
39041
44847
38052
37656
64840
43342
45831
30182
28456
24554
69357
54773
95917
13132
23086
27871
76682
24317
74058
45686
44288
12122
04357
98051
55349
63341
53020
96752
24747
87001
53004
16625
32071
67135
99357
47923
14738
80446
53191
54949
79329
63377
96755
55322
70354
67063
25248
72937
97053
20119
55934
02638
74966
36866
18372
36040
49229
49668
75946
18347
49637
71435
37853
79311
61310
50169
93265
55917
94599
57555
43107
38847
53952
66040
35580
81125
06784
76856
49709
14541
70730
47523
32461
66736
59068
49117
68405
48739
60940
29178
34449
63624
30663
80103
74116
32320
43804
49746
01541
43532
70542
04348
80758
07838
54151
27009
04259
37826
38251
47944
45813
46371
76950
15314
54169
63660
76849
38683
70656
48857
46065
49246
73028
53048
76380
31046
57601
53036
24381
92539
49870
03753
78071
66409
38941
39638
66512
53964
05656
30511
50638
29856
31328
52645
28605
79521
80466
98631
15728
16254
10974
79359
87026
05055
45771
49128
48829
13667
64477
07832
18038
31650
13480
55960
96703
32462
56473
56359
16115
26415
97017
63960
49650
97396
45742
43154
71465
54446
61536
14025
32009
24486
37779
72135
35586
01506
01529
86511
73772
29372
29384
62341
48759
81224
03584
03598
62806
43517
36441
51023
49249
79086
72833
95423
24639
50627
31078
15557
36273
05489
12526
24095
18426
76664
84642
37035
13408
78164
75414
44840
19555
49655
27233
54830
03048
88435
96041
35221
67439
20676
16406
37362
54945
12413
77534
74647
96055
65338
44085
06751
31562
03223
16404
50225
76638
18051
64054
99833
46504
59474
31606
68767
23069
52738
51040
42031
05091
27326
84340
45845
70377
72437
17747
56444
04927
62858
16156
37888
95562
07946
54013
38357
73098
45623
71770
60541
45167
16925
72132
43003
78377
20135
53560
91906
01827
04428
29018
12520
50109
48140
30828
49032
97828
74764
49635
71033
38034
55946
71049
63851
95458
04654
47161
73554
44846
15846
27844
20762
88231
95536
30445
59935
53183
89415
78631
64776
68059
20776
98648
35014
48179
12865
55032
49332
30648
50651
97539
45390
25130
25962
54124
17532
37640
73443
63736
62640
39216
87937
61019
49040
83648
22534
97341
24092
55397
85263
57380
78941
14719
08560
45159
96763
35776
97019
58054
13461
17028
66846
27929
13478
45613
97042
38057
56441
55360
15473
28790
71836
54891
31037
26143
79845
13329
71068
49633
98612
88048
77962
16426
23336
54871
39092
23102
54129
36925
54414
04742
35579
28338
88045
61360
47164
65667
56461
28905
04048
41635
53156
78373
04756
13668
71638
35973
25670
06330
01503
76225
13438
72126
81132
30170
39897
79013
87021
61542
20861
14543
23146
64098
24430
52175
26444
67335
75432
04917
83639
94508
70653
40146
76577
20764
30206
35621
62018
96145
74571
36279
27281
50622
43943
28654
29704
35740
04217
07865
97041
16053
83347
53076
85631
32195
13080
14521
48831
45064
55080
63556
70770
24136
97456
18660
58545
46030
58523
54767
50237
55353
18834
12484
67851
07931
18250
46773
27229
95663
06469
47340
41572
64644
61528
27283
48610
38664
29332
30421
78113
83837
26456
38329
93430
16950
72847
38449
38827
79014
56484
71743
04256
49617
41092
56062
20117
06063
56373
55705
76035
29714
56567
77363
16346
75750
18092
54984
71067
74343
53075
85145
30711
03581
84629
11724
56087
39464
76932
35130
53956
35033
57325
05777
55307
87528
99343
54873
82937
53960
01225
98813
71260
77417
05033
65745
36043
03826
17329
46071
35958
19529
25315
95245
82431
66757
79081
38610
81419
17980
54005
49715
64070
14062
43557
16373
05476
80654
64862
30205
22728
54121
16038
03827
34705
74733
66619
37183
18446
49908
98240
55707
40322
57071
27925
07933
87319
98564
58368
30538
52653
42266
95333
76844
47334
12449
14733
99702
15944
31019
28773
89444
86515
61020
50525
49096
44428
62447
43910
23947
12458
73572
40759
35447
63555
64843
22624
72101
21562
17063
24527
78140
44275
20777
01431
27805
27053
38915
63869
49878
64640
94037
08092
48027
19505
04287
13795
62075
50054
06280
55390
88312
49450
41537
16248
50579
44040
36553
54437
13691
21756
56358
27959
97022
22482
26541
26175
41059
61084
15670
75852
16371
43447
57025
46772
77831
76470
35131
80452
94038
99011
49916
26570
61517
46510
17240
62264
17049
36017
65647
57706
38737
81432
64061
65039
06232
12075
45652
48722
29321
78662
52328
98947
78562
04953
66615
04344
83352
88415
75833
30576
50421
78832
56671
16222
70589
36320
96750
47032
05679
98295
04579
65325
75433
35118
59011
44880
48002
99752
42050
92036
43046
23958
38316
84021
84761
45629
22625
56466
72020
31555
38922
46742
46910
14111
49807
05464
97148
79068
21155
29450
54174
13354
82426
44865
12788
44666
97443
27937
41039
67505
49111
44436
20664
47879
13787
12514
19941
65550
67045
16051
40045
47471
26261
04008
65486
51546
35771
38850
57028
27356
64658
14757
79235
68450
30738
15845
79916
50212
87052
28635
49012
50261
04061
28088
03782
74872
62069
71429
62216
41010
68069
28033
63933
05763
14724
45832
02559
08240
84333
05764
49237
57469
65723
93602
16442
43310
86044
45784
55354
37352
98862
44864
11935
35643
75423
85534
61753
30547
04619
25434
88346
86321
46536
65243
17856
31626
04461
29125
50643
98244
97761
23920
89021
14712
75925
18822
08832
73121
04224
65281
04254
83448
70052
44412
84631
62939
72411
80440
79553
30669
55943
62550
26038
48637
55718
44445
72016
08804
85539
75496
20733
28453
53811
31647
62924
73449
22737
81063
46349
56063
63877
28626
39146
38917
28071
62080
03046
73438
52637
03608
31716
81615
38748
17853
38221
61956
97327
64139
61422
87034
66402
58421
73632
54725
97753
54139
93626
17304
66542
28341
17047
77835
95457
19310
37770
75155
92004
98261
46929
61273
50459
74445
18630
28742
75490
03278
78597
24236
30216
77968
26385
01522
79373
71023
14172
54101
45786
71762
12072
21053
62281
35549
61531
87328
05655
19930
14821
74547
43516
53153
74454
06756
28480
06438
04456
37806
74041
36750
53941
16434
29039
75886
45659
30256
12846
31637
42442
24104
70449
74435
98610
43518
50450
22841
26547
11964
36560
24380
15541
83611
46932
79504
96143
59255
38256
71749
23350
61434
37338
43469
07460
49310
31815
67056
75416
75778
58540
95442
17082
63369
13167
61277
59873
84645
37755
37756
93066
74030
32096
98340
66013
75954
80734
21837
36879
72121
65013
24954
53108
95982
67579
47229
96731
54135
14098
26287
47355
35143
60520
46390
24256
27816
79853
18322
49051
04040
82721
12966
56277
71744
14812
30734
31738
76640
26288
72959
37308
55001
98568
17771
84528
43748
56172
97623
04076
77880
49233
78656
31519
14710
12547
62952
47874
37373
42784
55027
51239
59422
61085
42518
03269
38771
76569
27019
73007
77335
13656
30124
18972
14012
62694
44878
04427
75572
62275
30428
32759
37144
68862
48703
13612
39169
49101
45780
23841
01951
05068
87522
30171
21813
67039
72662
02367
95223
55741
71485
47115
66861
64020
89449
68620
64779
79525
11977
53573
79567
48891
49253
37134
76648
71454
40037
38963
14809
52208
72722
13411
54538
25442
17267
48145
72858
89034
37852
92285
71469
50170
28441
46940
75422
56435
11955
76823
57532
54810
26588
55971
51050
35481
47024
06442
47598
77830
96779
49266
17889
15052
06377
45844
21132
26362
49614
98537
61053
04419
71341
71846
95485
43758
36051
78659
52342
54960
72519
16049
87016
44688
56442
86556
13743
50025
70655
41003
05257
35053
67661
31098
54889
29643
54228
44451
40076
13044
72064
62449
49277
48427
72067
47579
26218
99166
54499
05032
70778
56547
07980
67544
01360
12154
49072
56096
79226
21028
52045
62920
49453
02556
68446
22843
31765
47868
24330
71957
85542
35178
48755
44677
65259
51002
14807
66748
52227
39160
08733
28676
56150
26059
22567
39766
44215
05860
49620
23885
99556
72513
01542
38463
46051
13131
40313
63627
70559
28454
62664
42757
55802
13060
61250
49911
43416
59538
36742
12117
35073
21673
32767
47022
76252
73082
01518
14755
38477
53929
12074
75453
81648
46216
51039
95542
55760
41063
56438
70067
49232
47581
56065
28669
71110
12979
25168
25123
78375
65669
63037
12138
02630
35172
48414
39362
59821
04085
75486
32949
25921
67030
54732
46166
83427
43570
50140
96052
84317
28660
48615
76534
06384
14203
14817
04614
16262
38738
54814
55940
21757
31560
74080
43718
50216
67637
40516
73059
07418
08020
52052
83014
36861
14770
58012
56342
43569
43324
26253
76064
21034
37882
42519
49325
43773
26206
44645
56557
70783
96114
38233
04030
49449
35133
31775
47336
13754
14471
66021
53015
87024
55768
56175
37847
17744
12919
54177
50072
39330
31801
70450
13825
77861
29080
61529
16116
56515
65074
85544
54405
75855
58329
93643
15759
65717
40078
55334
31076
74849
67144
29374
16666
04258
40486
84320
04257
76943
59043
65231
73141
12921
52214
37079
27970
29530
28125
47520
97368
68739
80133
21798
32059
62884
13730
03285
93532
12918
86514
39653
04861
65674
48449
67546
16157
28515
52206
54141
11941
28444
54950
67449
17365
52356
44626
56467
49060
66066
26833
92536
72554
39044
29075
62869
01083
45325
17353
33946
32764
77871
75974
43739
95951
61011
54968
39159
93516
61537
31744
98601
53178
50115
48659
03576
58474
32443
65679
14081
75770
03855
49887
28746
98595
68073
13613
31825
45370
44843
32702
31079
39746
58784
61726
48460
78357
78235
54009
29101
66539
66088
62822
47613
30805
23917
45882
43730
72127
74455
12068
96137
10958
61858
50144
88232
04347
89049
68023
12546
18837
28523
45645
43466
28665
13092
77983
54112
56220
61238
74729
76530
49945
25523
02808
43521
95464
31044
29487
44608
54440
67467
28622
45679
61540
59729
13602
30477
71346
12835
87511
68748
39421
75639
28420
62922
53570
29107
13332
67748
24137
24556
04001
62670
13164
20751
16611
45858
75630
83113
03258
42160
67356
18332
70528
75661
65725
13471
76360
80459
78579
27846
15774
88072
55952
18325
36311
61285
39423
56554
16748
01611
71073
23420
54747
37047
56278
28571
56623
88044
28525
54161
71051
13040
68465
14726
43787
76624
78650
31002
01038
36080
29475
47952
21402
16145
66105
15545
49272
35987
67013
52211
31018
84535
72944
42274
52773
38367
40374
95428
42413
54028
04363
24656
17098
40068
40370
21561
96705
02804
44452
12775
67835
35188
62938
29438
61736
41222
12789
98856
45658
95633
39063
66054
70532
62417
46982
50250
81326
17535
36523
04974
22620
04463
14058
72433
31790
73433
54614
22967
43917
46044
48835
49622
52591
74363
67860
01351
75631
76665
58341
79252
38878
39661
17302
54639
72644
27831
43001
18218
29126
39176
54941
48159
95684
99169
17859
54460
79501
56209
53515
37345
55049
97883
47970
38450
69033
88317
30555
31778
03057
06018
96032
64855
38321
62442
04355
43358
52046
62097
63347
32083
39664
68840
72562
61756
54666
50063
87566
08026
03440
71222
43945
83522
57366
17981
28137
81639
59922
57030
65438
49259
37335
44656
65632
96716
62428
61748
57274
18405
93242
83420
53002
61281
14735
83332
54466
27559
15956
47977
65663
17860
57369
46770
55955
21822
38603
16123
55395
61046
28357
17094
30733
15563
31807
15046
42120
03869
54247
52253
54534
65770
36453
30630
36053
22644
48435
06455
62288
80442
56361
41514
77664
63937
01223
44637
44402
14517
70456
40371
64454
02725
66439
59526
04981
54819
92145
29168
69145
31075
38069
21631
45814
15437
74339
16061
79843
14865
65772
61842
50472
79520
43977
46938
37317
01521
30625
37149
29546
19373
01050
72443
42023
73016
38646
53951
46539
67526
16929
75163
79095
29809
79758
57451
15935
01096
38326
46747
45767
44401
71275
67107
27939
47383
75973
40461
38356
23888
63822
65349
43944
06069
75846
12094
70652
23829
97827
47959
38658
78123
81524
96772
46068
36003
98377
83850
24712
28464
38317
29547
39116
31033
84654
32445
74932
36850
87825
45054
47841
54629
24271
03574
65452
38341
16327
21160
99688
72365
15474
48818
38553
97469
13476
65606
83245
57752
24620
71461
93222
12850
03585
31012
59632
28679
23149
85173
67333
04757
85137
62903
14525
17864
57062
38601
03902
26386
67003
67228
37762
71430
29584
67031
21737
27832
23109
28763
16946
28689
28395
16912
36474
63468
97875
24133
13076
15442
16844
56159
55769
72136
50665
99574
48022
07439
80117
41141
44423
01337
92365
02668
47342
14840
66090
74347
47341
32181
23872
72943
39364
79041
83822
73852
31749
55389
12920
38229
28373
72102
42088
43314
76570
78409
44429
74130
97358
40402
24467
61734
44506
49766
18942
56477
41002
12567
35019
44629
39140
42055
24440
71060
05048
74940
17040
14739
12926
15067
98843
64673
28385
38080
65275
68520
46147
38472
62092
52159
18445
55783
49305
32544
16350
68883
25825
54872
86320
21623
49234
49252
95570
49340
17772
47920
76656
92391
49403
28423
69343
75681
62917
15926
42746
76511
03256
53820
74330
21915
68037
38870
43719
59872
53932
21794
67067
75859
49220
99347
71411
62087
14813
05673
31542
04351
51445
99576
73006
97417
97437
32831
24053
77420
16678
63771
50563
72853
17764
52336
65769
37018
16353
03224
54658
39425
47140
72512
65014
91962
70083
75938
01235
70455
53529
14476
48654
28119
54847
17938
44866
68713
17502
29038
38833
45877
74941
45153
30258
04640
33621
44836
55614
30731
59834
67663
99824
21651
27508
68361
59327
22435
61817
11976
15469
50669
48819
82331
42406
50171
32798
05354
53968
16641
17087
39153
49688
60922
10973
97131
24324
02827
54410
64755
87045
15679
33827
45860
45880
95546
49284
53507
49030
56542
46732
80828
87556
63965
56340
48740
38873
50658
13746
72040
38368
68002
53035
78056
72354
62320
73151
07435
83334
50849
50841
66509
24085
43071
43155
48475
60184
97136
29432
64648
25535
53502
49639
24290
37145
02575
37724
22724
68779
93285
03602
16914
27852
66935
18214
49095
35148
29482
24431
98241
45120
53044
80467
84534
53065
48822
15445
75668
15559
79079
36319
13143
39663
44086
54473
29628
31830
96020
12070
47633
54498
50423
32102
87321
70357
21661
18053
08349
71238
72840
76936
14435
46555
53139
16731
13606
22514
08752
15456
85337
29009
23923
24445
31512
62082
32044
67001
63549
02535
23410
32346
03814
14560
49648
37809
74085
86512
15618
75436
38366
40055
20778
50060
14847
65661
43060
83241
23083
28396
30473
17967
63638
15928
97435
76430
68978
15722
75930
66073
99148
50276
74061
05773
50670
62890
30056
19967
40385
47338
62691
50601
44510
35988
28743
12501
14715
13110
13646
25524
46130
27054
04263
66524
36276
56381
12821
88023
13654
42087
59730
73015
56232
08243
43988
23954
12023
58249
40109
27865
97360
44214
77650
47963
27024
44099
25882
26807
50207
54642
69334
29404
61533
95669
29742
80536
04910
36032
85346
36748
03844
82729
24216
73573
38255
96796
89019
13493
49271
29458
21005
53556
26711
56256
16154
41774
27890
63673
12779
22971
16881
95567
66414
45162
42528
64742
54616
20860
12137
96134
21531
17321
22578
75571
28685
59037
30105
12529
14879
26347
50228
19706
28020
14716
04353
56551
41093
76554
43973
67878
85533
93261
95329
84071
74883
27845
87008
35087
59829
56762
86043
30450
44048
53586
62424
55019
98548
85924
30668
17565
50629
54943
24174
85911
56481
36852
63537
01257
24248
23881
26149
71861
47232
44814
40873
26184
49339
06334
21520
24281
50061
84326
97455
97845
20662
10526
42081
12121
71958
41553
83539
37356
50675
04986
92386
49629
61012
13626
62237
13160
98278
25515
46128
88316
42409
29468
64019
62326
57029
74131
03447
12531
18346
35744
52203
71362
25976
23301
65655
44611
56465
03237
13812
29729
37726
61561
30810
62468
78039
53049
84325
15050
33514
96113
48417
48851
48419
53576
75980
53919
15938
99610
49446
48467
71720
12578
66075
49968
17244
21036
50854
77872
30627
16153
51455
52625
36321
69356
39335
40440
35564
56510
17264
50240
42234
53944
49452
71032
15554
05677
85324
18470
48834
95638
39854
27007
53923
39752
51001
79245
06060
38773
13363
46070
83335
98546
29056
29437
67877
75845
94511
61924
06247
30816
50583
27046
97067
13424
31826
78940
23833
45306
05843
95311
68955
75554
59523
54205
56750
97836
83871
22454
87415
45647
15479
58257
41649
44633
12197
14544
33122
44613
14775
75568
38563
28709
01237
48894
03810
53011
42404
39096
80644
40372
54859
61024
72088
49043
64835
04694
46161
65707
30251
71268
49953
55074
62870
73048
97846
28698
22830
65552
64402
73945
72843
12167
26205
28450
61723
22922
71369
44675
44032
38232
55965
55329
49664
41033
76270
16421
59022
12916
01474
68061
04543
38948
80720
70039
16052
62935
47951
25253
12780
05667
37318
46056
78950
29001
38929
13734
45384
50458
43903
60146
57764
15955
06782
61760
28618
71941
60927
68017
53585
80535
49799
68527
46031
43150
49011
16637
13648
54423
62865
13685
46149
12981
48871
53504
32420
54745
45873
28538
87325
75651
66076
52076
47527
55047
15468
78359
30568
98356
43771
24520
24067
57003
65351
59041
87326
54558
29448
39561
56312
22542
83845
47954
78407
13101
24555
37866
64469
39039
47373
03582
18930
04634
93271
28167
05859
54026
44450
56131
65011
28747
42020
46172
58220
27212
40142
87007
38015
57570
29137
20197
57744
51346
64489
73057
03221
85121
31565
52755
31781
68347
75931
36525
84759
65713
03217
60145
72434
71765
51579
16664
37361
24472
70757
79325
74038
75417
86053
04110
32062
85348
21635
13783
41256
14170
15458
05261
97449
36316
27806
14561
72348
50247
54618
37026
98645
18077
18623
86332
77426
71355
49070
56044
42166
43340
46743
79064
93205
68045
71640
95942
39057
15958
62458
20689
43137
22958
54004
26408
01022
97738
71378
98822
05458
43780
26142
15954
14744
45874
29113
16120
56264
86520
16342
41049
92257
46779
53516
71071
06783
23921
14516
63966
27924
63060
58045
26180
72738
40011
46994
44867
54947
14102
73762
58538
17505
30293
49747
20198
43749
49616
23960
44849
56331
12149
01053
60034
81223
87552
14034
49713
47946
74463
27231
74871
39342
35752
83612
28670
93616
65284
62347
29727
05149
60424
60531
41121
61491
97366
45303
24162
26624
39322
36009
99827
62926
71039
39534
45744
93249
43217
55396
60476
27820
43149
75558
28449
43901
79855
55007
68869
97107
76449
59323
60556
14767
54770
48815
54966
29152
38871
62677
53114
03856
65649
04443
67749
72137
45827
43348
04965
13620
14838
96025
83452
39478
83226
37012
45729
72082
15436
49255
63384
03455
23062
56072
59313
03467
97532
23898
28436
50851
76861
15321
95460
43145
42286
86507
54613
97498
60953
50636
98253
03785
23415
44882
54436
73550
74469
49905
17813
10578
29712
59825
04958
02557
15942
26035
14826
46524
57053
12523
14806
83622
28421
26273
54234
93283
50676
18656
62692
15486
46058
30541
26519
41086
26743
17876
49680
76127
16646
04029
13409
37332
50619
42058
41064
61284
49287
04087
40111
65582
03823
44411
61373
01515
13416
26542
62910
23308
37097
44807
47368
76857
93667
72438
38659
66783
06235
97380
62548
58278
54469
84774
97431
75760
20677
53091
62501
03905
68730
54486
36376
39332
67672
49656
72006
16259
54443
46978
73624
95372
74964
54622
62215
54128
97112
13156
74554
15043
92230
13797
03216
54817
99929
30730
16669
66052
50574
97348
38641
61326
95445
72331
47634
62882
72142
47272
13622
01034
52656
56284
95703
41183
38762
63876
52747
24593
59758
56208
23919
76366
37872
14743
36786
49892
76641
59436
20842
14139
30137
43527
70041
74342
35540
60180
45871
38633
75479
62895
50466
61732
40117
13034
79241
38769
43942
67104
68823
36528
29726
95641
62044
49241
38642
47631
72824
50833
50166
25555
04924
50161
56630
83540
55932
87317
04928
85938
65682
23937
06763
55750
48877
68832
43933
47023
79040
69210
24631
67146
54470
03266
74735
25070
28529
24089
50647
24571
95903
75643
16936
30634
89439
42776
40119
89822
49683
54204
59823
88252
62958
15724
39320
05759
47957
95389
54824
38846
29545
49034
86032
36518
64734
78638
58852
59874
56330
72641
56088
85530
43164
18833
13607
96722
46165
54670
27812
15424
35078
49730
67017
83849
29052
25674
83832
31303
59063
07847
37309
43009
16028
87036
51241
41189
40003
05680
49125
14030
61427
13146
54412
48741
22637
36069
44818
51024
51028
14814
03864
77482
55956
12776
29685
35585
86023
94514
49089
65256
39825
26710
27355
13661
54909
05828
57793
45359
48767
74727
97544
12173
59421
47384
43128
78389
31314
49235
12747
66087
43554
14747
46050
36769
98847
06068
13459
03465
12733
98635
57445
01434
15637
62009
18321
01731
72326
87537
35135
67543
13658
67443
36006
37050
15639
47850
37178
28133
13320
70630
11939
41557
57551
54082
37727
62351
16627
51529
65588
53093
45715
12817
65332
80105
12486
79096
72821
45346
15558
72952
28455
57356
61376
26719
54245
39834
14138
74865
16738
04785
98376
76433
62898
54014
71842
12491
46951
29563
61833
80137
97049
13843
28435
71937
56222
39866
38231
15438
67576
14782
49238
67050
74081
49751
05363
03887
71367
38573
27315
54627
76639
99181
00715
61843
73095
66967
05459
47108
93453
54111
67861
39772
74901
55381
02646
46784
35974
62240
25827
12759
45853
23071
17009
43734
01537
12106
89448
53125
17237
19951
44443
30149
78406
06481
12583
30234
66517
70051
61535
15142
92281
25265
70514
83626
25136
32925
12903
23356
95319
12565
35097
32212
76908
27568
48370
08328
20675
02839
98351
01354
04538
70659
40737
30575
17983
72619
95652
62084
05765
27981
28637
06256
17881
94973
41267
26050
78147
12086
21917
25260
88026
52345
35061
95524
04346
31307
06778
53046
18617
16920
02898
73050
26559
18955
37694
22576
03830
19954
23459
22846
72642
83852
10917
01031
10501
17582
23433
15357
18335
13616
40771
74951
96783
26031
92273
61322
64136
10964
96719
61329
53034
17929
97135
97121
61232
95002
08202
95968
62999
18355
22715
12515
24437
70031
95975
12577
23160
26591
52351
18923
01236
20670
02812
08326
62540
28682
19964
97495
45433
29905
23035
07934
12974
04430
15675
98342
12956
79111
12463
23043
93258
12140
10919
00611
36555
29351
27966
25634
10546
20618
71247
61742
07620
92091
00631
70576
70733
85626
29904
03442
37828
48157
28009
87514
12751
18438
12977
80454
36509
16868
40868
78548
28006
27920
40155
21779
78594
99655
84784
27842
21920
19009
16112
02534
72651
98281
47514
15315
88047
25262
17099
03907
10986
24147
19503
20688
94933
12585
18631
46987
33851
15351
85620
50105
25637
02659
04854
83353
04631
22211
51101
72626
17935
32332
20629
95538
84724
14555
13490
80938
08555
32193
64146
98303
11739
47941
20690
62933
15030
71480
06750
11960
55722
15056
18216
25812
15225
49876
62219
10931
15623
99620
17214
21719
20620
02650
62090
43971
15952
18354
98639
08317
78561
38760
94528
61564
44251
16851
62026
63380
95462
47280
61602
12472
62046
12419
42410
48469
23460
13469
52749
38631
21733
06332
92518
19501
16160
49934
03854
41631
28531
04421
02671
10922
02670
15662
25186
27916
43913
49406
51331
15083
45876
42323
78558
18821
16029
97130
34216
15018
42533
12548
23461
87567
98941
54232
15865
42367
15547
23436
49894
15484
08403
25836
11957
45001
21913
15076
22623
41669
06409
34797
59841
52728
12151
97110
20611
25086
15060
01092
47855
26534
15331
85309
45719
17855
53537
62028
62059
45330
98934
15475
16136
54441
53808
30562
62058
01009
08001
04108
06262
21914
75101
50142
41840
17886
25067
60512
15698
97118
73567
68010
55713
44815
08241
14556
34215
05654
41260
25214
01965
98394
26134
52235
51355
63663
42440
52326
12063
08511
70541
98923
50069
17097
22480
62982
28766
39630
15949
38622
40923
29439
84314
88046
20779
18370
14506
99604
99763
11958
87022
72201
84301
17827
61263
20645
08350
27813
19319
26576
40854
52624
98943
61320
84520
04066
48853
50667
98358
44490
49922
17832
21671
78419
63039
63868
06755
76250
25878
17235
15620
45674
41602
07723
60537
99750
75164
97388
45062
12456
11765
12150
72099
88065
21861
25826
10596
15631
19944
08247
45354
18254
16854
43948
36511
47708
87548
77367
78358
78351
39201
11948
08720
45779
99727
15449
62250
62689
19437
19492
26568
28109
15546
03609
25873
06282
47860
70743
36602
91008
15078
89018
12008
18087
48476
98385
52595
20701
43456
41535
64830
45158
45673
80819
17064
25185
28072
07977
18327
19374
62891
04544
12863
39193
74431
62292
20658
13410
56369
38327
75489
32157
12174
75682
98438
12884
15346
15927
95439
92317
04063
55708
62570
44045
84711
62997
14026
17762
72677
25690
62949
28745
88311
63767
93043
10914
99785
60029
70836
15416
43437
66024
40310
13615
47114
61430
31623
35896
62695
26451
61278
15054
29320
33051
29364
04859
15688
15086
45155
40348
23092
95346
59919
83218
46537
80914
40010
81244
21529
96765
87828
66735
71021
62963
59414
23357
72351
13153
40025
19730
10518
23709
43905
28332
15715
43735
61340
17254
20674
94548
15716
98134
81077
46957
75493
99662
47535
41746
25165
67016
44661
15624
68113
67223
18946
97011
99769
25007
25031
62282
15007
54214
72068
99680
08006
63472
25011
15619
16344
97147
11970
28452
15671
48177
18083
46958
03871
70747
28619
15413
17246
46799
99634
88003
21524
88027
15051
40915
26030
92378
10527
24595
17934
45782
18932
16027
55366
19550
17862
78535
40824
25667
19490
59855
70522
70556
12475
15465
38050
30177
52534
12574
20615
93665
32330
74050
94963
27819
29828
45172
46102
54931
99650
23651
43033
33521
45716
15930
52168
31699
15951
18473
17957
44687
25162
26574
18059
43468
23025
98644
48437
72945
24448
45621
12823
60932
44415
72832
28519
48816
14480
72527
12069
56375
16140
53016
18471
45351
95253
15544
15754
03765
43940
45859
41824
49757
49915
28671
02833
32079
27531
52752
22448
78661
64857
15031
46103
25855
27964
16372
10597
66031
43408
25247
45319
15778
47876
53969
12177
45051
17088
15640
98821
32410
66501
77978
46915
74446
70465
68058
16113
63140
36559
39736
15064
33921
29368
15422
15773
61317
68664
15827
19731
73705
15948
15432
15081
16230
19559
22746
14441
45854
45740
13435
49963
76466
54450
13163
19554
24474
99749
02826
23070
56035
45808
43101
27985
01222
36112
15676
45361
15775
10535
23176
23486
14774
03911
28528
15429
47857
83867
92322
59231
95471
04653
83116
43721
12482
15937
16619
78592
74546
16826
85707
12778
17266
46301
07935
20373
18927
32133
25818
71415
15633
45816
41527
26275
78590
28553
80453
28042
52737
12130
12791
62848
21723
70523
15483
23066
47236
25040
28325
39062
19017
49027
99124
37351
16839
19564
29329
50218
29373
42321
15455
14722
13319
33847
31722
03770
15616
19931
45372
40209
15347
96764
61363
26075
21405
60910
04017
15482
55087
28667
18081
83636
26323
43010
29377
46063
73066
13305
16024
18063
04554
13313
45428
12471
16665
34250
19375
98345
15420
04612
15663
43926
85135
63820
60141
02894
15038
15921
18331
55085
20838
47035
89319
32664
54841
06414
54160
95697
78567
47324
07970
41605
27879
64147
13664
88355
26546
00951
40830
62089
44874
23076
47969
45819
75780
16212
24457
54980
16840
72749
21052
65654
14511
85723
53947
13784
43541
12433
67221
13103
08561
45888
76253
84334
21153
04359
12512
15430
44639
04571
16848
44049
43961
32509
62514
50432
16835
17030
02647
64849
16427
50272
77863
53571
56668
29333
98530
53931
15082
17570
15612
45861
08352
47282
43151
15674
13115
73523
12749
30807
08032
57061
61359
71253
43531
73032
55764
17749
12530
48896
19979
81221
14816
13692
21610
43317
15711
35052
44838
44850
25628
04575
49074
53817
70640
43842
15020
93673
20889
02637
16620
71759
47884
99151
50243
93407
14056
05736
76957
17581
96759
46930
15028
72935
98263
26369
43529
50631
16856
44439
43519
47958
78674
56325
44689
19456
01438
95564
82005
15731
60974
99578
16246
56591
28757
08528
10519
15841
62093
52759
95736
15454
13628
14808
49634
17925
63882
55150
51008
45899
04057
34268
60208
53953
15561
68068
45352
96148
19936
64874
54760
19544
04855
29346
15635
54967
52166
36446
18244
43981
14752
28575
21902
43939
56376
19367
48852
10933
54525
43350
86313
11972
12085
43717
43156
45893
15750
66782
47247
27582
63839
95221
45698
27941
15945
46381
02663
05154
31318
67232
19549
08346
12738
14126
45855
42638
38036
21628
43127
32697
05254
80457
08212
44670
26058
73436
21156
38869
28077
44828
45435
16022
21717
26560
47034
43805
18241
99771
12420
18221
63774
46789
57245
17005
08023
50592
12411
62537
32970
36057
17355
17054
27351
36455
17081
15560
18441
96780
35584
74001
75413
15628
37326
02858
56384
31627
66522
52308
43109
11965
06266
27201
26524
30429
60539
42374
45316
98590
26767
74844
87523
05150
21653
64090
74720
16671
43458
45041
28076
72123
21641
45132
05052
62852
17075
57741
29375
40941
48627
17076
35070
67843
61372
53935
53939
29378
49852
50657
40949
72630
25624
16825
52758
15435
62874
62953
70585
44861
15443
67340
53003
61323
16213
27827
49959
02561
76523
14463
80131
15053
22722
53812
43768
12849
15313
78547
61324
50241
62861
17041
54152
13087
67627
60956
98583
36038
17576
78243
50431
15047
77661
20862
62825
31747
21866
20899
45848
61541
76268
17080
95625
62030
14742
43972
15617
61233
49409
14061
49261
15695
61037
56022
45866
62289
52757
37394
20868
13062
12854
47982
35559
78843
49626
40847
03751
63387
49434
74460
27943
42354
62336
15925
96078
17069
43985
67482
49921
90822
47964
29667
27374
28136
16328
47225
45636
28308
11042
72180
72322
15348
57639
78943
47392
52056
17323
67553
28424
43836
19477
16132
43555
49901
14169
61416
32337
23480
15520
98350
43759
66622
51340
49902
56335
78339
08329
46345
60536
51045
77988
23899
45783
14537
31083
25051
16054
95601
04006
15611
45838
28641
18602
62517
54123
21071
12453
27873
93741
30598
46704
22731
52163
63880
71279
12041
17829
26435
38338
13102
68403
16910
05850
64654
18843
15736
64433
78712
60519
26586
27872
23667
98558
70148
71414
71233
72359
15463
98255
01224
25866
42022
62921
25849
69353
16151
81033
47381
15072
28788
40020
56140
46998
32463
33503
78342
05073
41810
95007
47683
04975
26587
67364
15678
15353
26563
04431
43967
62663
05904
24246
16244
52312
98539
99784
30639
62856
62077
97369
12172
38839
46183
13113
75475
14173
47916
21543
04341
14112
43909
05670
61955
66160
49764
54215
61562
49458
31704
18921
24855
47455
15693
21762
14542
31034
43414
45721
38733
18913
61871
61258
02791
16847
49796
08072
16939
08245
15492
15075
93652
03233
49335
13814
62927
21652
43070
30751
17232
45884
28653
99778
73901
61043
43736
53962
43005
01242
47925
51444
15615
18256
99039
15720
49917
72426
74945
47573
15539
50231
48874
56030
72059
90747
62273
33877
35060
53167
05050
40058
12752
19511
95486
04050
16879
47880
35573
02641
61419
39148
74359
63850
16036
47966
15734
53176
32959
49611
81030
49258
72061
97134
43117
11956
84408
54654
53195
43111
49791
53501
63742
38578
64101
63745
45070
18936
15761
52767
41760
52158
17949
21718
51550
28089
92155
08353
51244
52219
01079
54926
21077
47584
61315
12507
38054
14545
89402
31051
15863
54458
54637
27861
65327
76686
21051
41612
44068
51363
72052
43931
49627
52071
51009
99552
72332
94576
46572
38455
61553
30665
61439
21810
15660
64167
44697
52036
62459
71426
52774
13611
62811
35545
21056
56356
53295
16253
73556
44610
29659
16245
97335
06444
32616
19980
25879
68923
50152
15006
74837
05141
71724
14539
28368
64072
01347
77615
55950
46943
55796
40049
52566
17029
33001
07844
48440
06456
16030
14475
14130
32360
30581
25612
62841
18912
75565
68364
63853
68309
75903
15472
34139
18625
47367
74456
44640
51651
38644
61848
27825
30539
12978
63874
23440
45055
50078
26349
98824
45111
71009
14788
12045
08011
15460
21540
24851
16876
46946
43467
99626
14168
58001
15745
27972
50842
56363
15421
54464
89047
55772
53599
94929
15922
68419
03231
73557
56294
34267
49320
36267
55716
46144
52631
43786
61371
52647
47924
52568
64833
44080
70451
18349
27342
43934
51637
06264
12438
13455
61316
45815
45350
53127
13117
49289
20612
61552
68072
17943
29338
84772
43925
38235
23068
41663
45147
07979
54861
52562
48630
14041
74830
20606
12915
50031
16211
68751
13683
65278
56313
15831
67055
03847
05083
71865
17944
12407
62464
44659
46595
50620
41651
43330
62085
72669
07880
44690
94569
95312
46771
45156
15784
17945
36865
50041
95431
73031
04109
62352
16821
60075
39359
45864
62334
18220
72441
12161
42370
38389
64743
07831
49628
05678
62256
49084
38947
74340
43346
38879
65675
73097
16843
54857
42631
61059
16734
72377
15647
72615
24612
77473
21105
66742
15646
14893
13638
17056
07846
27881
12040
75764
18817
15960
14732
76654
12429
74750
95604
92161
15077
21523
18814
13643
33530
15489
15866
24847
99020
13847
42037
28652
72464
12195
72075
87365
15365
15448
47654
54207
41621
30623
40363
83354
97384
93408
38781
61332
15929
63828
61949
61857
43750
64432
16035
14027
49863
30464
48434
02047
36439
98817
17748
25126
62672
16725
14557
44619
62023
28367
27982
04852
52075
18933
08248
54933
39771
13065
83825
28616
60557
12132
52220
18950
50227
15532
48620
00694
50269
11770
28102
20656
99329
04646
28342
17861
52701
44665
14592
13859
13020
28169
61112
68861
25911
68042
54645
10540
21714
49115
46290
49063
14135
63878
67334
49119
06243
74947
26438
40964
96751
56287
33835
44809
15564
14854
77460
30018
56371
41142
97336
16155
47445
22725
95974
05030
15361
98939
15488
19538
62078
50652
75848
70519
72424
15467
64065
72553
50552
43018
45336
48139
49942
51011
15625
18413
15555
28725
28554
73743
47420
75849
13623
21130
70391
16724
17979
07833
07926
29122
28331
06350
15733
23316
50426
15446
53047
29324
13641
45809
52657
17858
50102
47160
60969
49722
51451
52348
42061
19457
15379
72445
74521
30414
63840
63365
59851
27340
45739
81043
58313
08246
26361
72311
13051
21867
07842
15689
65688
72427
28628
72178
52548
27841
71330
49430
02836
79383
98238
54127
12527
31062
30451
50847
56125
50255
29589
48862
43791
02553
08890
17730
06389
32182
41729
50608
71345
15638
38029
21781
20319
46377
28108
50593
34445
79920
29079
62879
39885
70558
31556
02584
57117
20422
32634
08073
40849
99014
32610
83215
68056
30724
28039
71066
53584
74477
17880
12933
72826
46984
84150
30284
50649
21705
12082
