11229
11355
30040
28027
10457
93257
60617
93274
79912
98052
95747
78254
10458
76028
30349
11223
94533
95035
60625
10453
91744
91709
78572
91910
95630
92563
80134
66062
90706
92126
37211
75126
60623
37128
11203
10452
94544
76179
00725
98012
97229
33024
77346
10002
92880
10462
11375
33411
23464
30041
76244
89031
33647
63376
10029
77083
91335
80013
45011
77845
89108
83646
33025
60634
92805
47906
10466
22191
85225
75002
33311
77450
92553
06902
60085
96797
93065
37075
75211
28277
80015
30127
85364
85383
90003
91730
07305
91706
10977
78640
46307
11218
92105
60657
20906
77375
30096
84096
32218
77036
94509
11215
33023
30281
19124
11209
84015
85281
94536
30047
20002
75068
94568
07002
85032
60614
90255
95123
87114
10701
32828
77095
28078
32259
10469
95687
34711
07055
11213
77373
94513
94587
19120
95624
75056
27519
95020
90037
30004
94541
94538
29681
32822
11434
33186
75098
66061
10023
60641
98682
89110
89121
23462
00956
20147
11372
85301
20011
60640
11746
17603
00949
91402
38401
94110
37064
60620
14850
80016
92630
07087
43123
92201
37122
95758
30188
77521
48197
19111
28215
77406
11211
32210
02148
87120
10950
20878
77469
85308
10027
94080
85204
21234
30022
90262
33463
92114
08753
43026
44256
22554