77494
08701
77449
78660
77433
60629
77084
11368
11208
79936
11385
92336
90011
37013
90650
30044
11226
94565
11373
91331
77573
79938
10467
77429
90044
78130
75052
92335
11236
90250
11219
90805
90201
10314
91342
11207
78641
00926
10025
34787
77479
60618
90280
78245
77584
11220
11221
92683
11206
78613
30043
11214
11230
92503
93307
11212
92345
78521
60632
11234
78666
85142
10456
73099
99301
75035
78542
60647
37042
30024
91911
75217
60639
93722
92376
22193
93727
11377
96706
92804
95823
60804
77379
92154
79928
11233
34953
95076
11235
27587
84043
76063
77407
60608
11204
77459
92592
93033
93535
92704
28269
91710
27610
92509
94112
93550
78577
10468
11229
11355
30040
28027
10457
93257
60617
93274
79912
98052
30052
95747
78254
10458
76028
30349
11223
94533
95035
60625
10453
91744
91709
78572
91910
95630
92563
80134
66062
90706
92126
37211
75126
60623
37128
11203
10452
94544
76179
00725
87121
98012
97229
33024
77346
10002
92880
10462
11375
33411
23464
30041
76244
89031
33647
63376
10029
77083
91335
80013
45011
77845
89108
83646
33025
60634
92805
47906
10466
85326
22191
93306
85225
75002
33311
77450
92553
06902
60085
96797
93065
37075
75211
28277
80015
30127
85364
85383
93536
78046
90003
91730
07305
91706
10977
78640
46307
11218
92105
60657
20906
77375
30096
84096
32218
77036
94509
11215
33023
30281
19124
11209
84015
85281
94536
30047
20002
75068
94568
07002
85032
60614
90255
95123
87114
10701
32828
77095
28078
32259
10469
95687
34711
07055
11213
33157
77386
33012
75071
92882
10463
92021
75228
11201
92407
93230
33033
11691
91766
11706
90631
02301
75067
33015
29072
77373
94513
94587
19120
95624
75056
27519
95020
90037
30004
94541
94538
29681
32822
11434
33186
78253
75098
66061
95206
10023
60641
98682
89110
78045
89121
23462
00956
20147
11372
85301
20011
60640
11746
17603
89115
00949
91402
38401
30135
94110
37064
60620
14850
80016
00953
92630
07087
43123
92201
37122
23322
95758
30188
77521
48197
84404
19111
28215
77406
11211
32210
33178
02148
87120
10950
20878
77469
85308
92562
10027
94080
40475
85204
21234
30022
90262
33463
92114
08753
43026
44256
22554
93905
93906
94558
85338
20019
92392
43081
22407
60609
33313
75040
94015
30253
78665
92677
89148
92115
93309
75243
74012
60651
85041
60402
10472
75043
11432
27406
37167
91762
32765
20148
80634
94501
28173
33027
77077
30058
30331
32244
10312
78520
07093
42101
55044
21740
30062
92404
95608
93291
75150
27703
91977
30083
90026
30101
78574
92223
34744
43055
10024
91761
19143
00612
90731
43130
48180
02360
37066
92618
78664
77493
20874
92703
73160
37040
32825
44035
33032
33064
60073
83301
70726
37027
92507
85345
78504
78249
91702
94806
92620
59901
78251
90022
90640
19446
91343
21122
32818
31907
30906
95051
21117
00976
80504
02155
92801
06010
07047
27616
32808
30016
78745
95014
10460
95127
30066
02169
30263
92530
22030
90660
92627
23456
11550
98208
37129
19720
95828
60016
85008
95355
32246
08854
79924
33511
11210
30114
07111
93313
10031
44060
28227
92571
80219
02151
11216
60619
75070
10473
92130
92071
78526
32771
65203
33065
23320
31088
80022
89052
83686
43230
43068
76137
95670
27526
90019
33414
92707
60628
93458
78501
22192
43015
29445
10128
21222
77396
91770
95111
75149
90004
99208
77015
92647
77072
29485
30318
83709
48044
43228
93030
78681
94591
92020
33578
11238
78753
11435
27713
87124
30144
53215
95023
73013
08527
90042
10009
07030
85122
93312
08861
55901
60638
46143
85033
32068
60505
22003
45040
94087
33177
91732
83642
23452
92057
90745
44077
78250
23454
37130
89123
98391
30519
77070
32703
29732
92584
28025
29730
84074
72764
97045
94122
31419
92570
38654
78223
80229
77082
10306
37043
20904
19149
87111
34746
91950
46227
27284
60453
75227
92504
19020
91913
92324
07083
78240
29483
55106
35242
92346
78852
45140
08901
95112
19134
65807
07105
07728
77089
95648
23223
11225
45601
21061
33467
33142
34741
38017
90001
33018
78109
23112
92708
17601
30518
63021
97301
27858
96744
20744
28655
28314
93063
89147
76549
19702
85706
75115
75072
60056
95350
33458
02124
41042
08873
75061
93436
89117
92646
28110
93308
92557
77044
00693
55124
43701
19320
15601
70072
45069
76010
10032
80525
33063
91786
32256
78228
33125
07302
76227
91764
17331
32824
30075
84003
37087
92027
96817
27529
90006
77840
06810
14221
06516
90034
96818
27834
75007
00987
92399
85710
12550
91745
90066
93551
78748
34221
91405
85705
95376
84041
06511
11758
85295
48103
96789
08831
32225
43302
89129
07306
75216
95757
85282
92780
92840
14580
60616
19104
45044
63366
23185
94109
84790
97124
45840
29651
27410
10016
07104
98115
60630
43229
39503
87105
97402
19140
78550
07470
33161
78207
77088
30809
77546
12180
28216
32162
85339
32608
32164
01960
95125
80631
20020
33196
27603
10003
76133
91304
98270
91801
29579
60622
90744
76542
93215
10033
19067
80020
33068
33312
92078
45013
78155
00727
93277
61761
93619
38305
75025
30080
80011
30115
92056
91344
42701
23666
76131
20902
83854
85365
75074
97702
29588
10940
77498
32174
92129
89122
92505
76119
33415
92026
85037
19382
01844
36695
07003
77388
28601
29223
32792
20772
01841
75062
75080
90002
33810
75287
48228
48187
91406
92117
92656
98133
94539
36117
27407
23434
90723
89030
02780
27405
19335
37421
93003
93311
85022
85201
30721
33319
95207
60637
60411
92870
60148
85138
79424
11354
94601
93117
20774
98003
95122
30157
33176
40324
84081
55303
85009
91605
21215
48126
60440
48439
85296
92234
92833
98661
98258
85035
95124
98103
77511
78247
22204
96819
60004
95616
89074
98034
32839
30236
57106
29464
30039
92544
90813
01902
78258
32725
40601
63301
29720
95037
93638
30228
29073
17602
93304
78414
80012
77081
63129
78537
60613
30064
18102
27107
28205
75165
46032
99336
29526
76502
87507
85140
78744
75034
96734
96720
56001
90047
06606
92028
10461
20783
27707
98632
90024
28540
30132
20171
90221
37174
19148
60120
84119
92127
96816
95240
83440
29229
78758
84120
89119
89131
92626
19709
90063
14094
76051
98092
23455
73072
78704
53711
54601
33165
97504
77040
85212
63385
33321
44107
20850
98225
91767
75033
84065
67401
63031
97206
77581
97223
11205
15301
75154
29910
84020
85207
27265
19380
32304
33324
11420
92025
92024
60626
20176
20009
30813
87144
98387
32835
92886
32303
21206
33612
74055
32837
60506
96792
45424
85286
63123
84321
65201
44130
10459
85379
20854
76116
54115
33175
94550
85719
47150
21207
98023
90630
98118
89103
92084
32712
08540
93720
55304
20110
85029
75104
72034
08081
21228
78541
48823
95336
10011
92395
96707
27106
32940
77099
07304
33461
02149
93635
98105
47130
92058
80538
90220
28273
33844
84005
49201
19711
78586
55379
33021
77080
08021
92113
85234
30093
49424
70065
10451
08816
29486
72701
94086
45238
35758
77064
90046
30252
75023
60123
70301
95116
90018
92879
34293
60649
59102
74133
92705
27520
75028
97123
90703
47201
94553
98042
22304
35405
75013
92243
92064
19144
30213
60435
58103
27360
92128
11224
78108
32738
95008
27705
60014
48185
32907
07052
95843
00603
60644
53511
85224
80918
32092
92410
44646
33179
92701
11590
89436
24060
30458
97401
91306
36830
28117
92101
30606
33615
28546
55337
19464
97007
70769
89032
32708
34668
85249
60586
18104
34983
70737
93036
08817
30019
33617
73034
20852
79907
73505
60643
00924
72758
60126
39110
34655
80233
78233
00729
75006
77583
98374
08053
49009
07060
97080
65202
28210
94577
46060
33436
84062
58104
27513
21702
27502
30680
72762
98837
30076
68516
02860
18103
77338
90247
95762
29501
60564
48066
95351
84770
33147
94582
75060
83401
10952
30907
77539
95136
94560
53704
21043
94303
78041
00745
78840
33126
76017
84660
32137
08302
90620
34135
46037
48235
21224
11419
98501
92104
48843
97405
75078
60645
08234
71913
75044
43232
92069
43207
33433
76210
85283
84401
95610
30045
15642
93010
49423
06457
78610
84010
54956
85254
93611
63303
92691
85323
30134
33162
92692
95209
92843
90033
34758
33193
75093
02703
94928
10465
30067
00959
35215
27516
02740
34761
23234
91387
94014
95822
28645
33428
98223
33614
87031
95307
07960
95337
91352
11374
90016
77093
34609
90027
46074
95060
65802
27540
40214
92040
37918
60010
32746
27215
34748
34997
43147
28105
00791
92111
28262
63368
93446
94546
10304
44212
92019
48219
92009
55104
92545
07601
92555
95678
98226
27606
27615
90638
89502
21921
55112
10028
28213
45014
28806
46226
85713
17543
85042
95403
97006
90057
30097
00736
93292
48188
92648
75063
90241
85051
92122
08054
91367
42301
33610
77057
95148
94561
30319
98902
38655
33579
80123
11249
89506
23188
77007
50023
33016
43065
60610
78741
63026
93702
90025
11237
57701
70816
47374
43235
88101
46350
33837
40356
85255
40509
07036
20910
55330
77471
90065
01201
11413
75024
97305
78626
87401
89149
97501
11772
85353
30506
53209
30909
55125
77060
75703
21218
78582
78759
11520
76513
78628
19701
19131
18042
91790
94566
91765
21044
93726
76108
94531
22015
12065
11003
75019
85205
07726
12601
21229
94804
23451
07202
19139
76065
90023
30102
14075
37343
11757
96822
77389
79705
43016
80537
89139
80126
97330
29621
92109
02909
33914
30152
80526
98801
99654
04401
49442
75050
44691
38016
29466
73012
14120
76112
36116
95831
79423
27613
93455
75189
85017
92506
92374
97756
10019
08360
54915
48307
33076
28451
48038
80550
89101
48111
94605
20109
15237
56560
30736
02128
01970
33020
33029
97202
60047
06492
28306
43224
55117
27604
78227
77055
80239
96003
55119
78043
85746
38128
20001
33009
30815
92867
46360
28376
19403
53590
98204
92688
19460
93552
38002
29715
61265
23608
80127
15317
98125
95628
34208
90503
38109
40216
89015
48104
39402
59718
84604
95380
90032
29414
08844
34786
92802
77073
02135
50613
01453
91320
32526
91350
32724
80501
76262
29687
43551
60201
90043
21221
85298
87123
37920
78634
90815
94403
43204
80401
78201
63304
23323
20170
85086
84045
77339
78209
99205
29607
38111
71111
30120
19426
67212
45036
11365
66502
46038
33160
95765
20706
48310
00795
91606
17701
32566
65803
89178
53081
08902
91748
33155
79927
97219
85382
73071
19401
02895
30701
52402
30294
63017
74014
32514
52001
14450
30238
30126
77365
54703
21042
94121
18974
33418
47909
19145
10455
21220
29708
46140
20120
92236
13760
94066
78573
28115
32073
00680
14215
30032
99362
94010
38125
39759
15108
60089
76123
10475
60615
60660
46237
30038
52302
48858
23602
20164
60540
11580
28212
48212
70810
52404
11217
11756
17050
97701
90278
29461
87112
94116
38134
46112
95991
70056
63116
46383
60115
28412
85015
11743
38501
23832
79109
92308
46123
95301
90045
54701
11040
11357
33880
11228
91360
33169
39564
93534
93637
77304
63033
32224
07307
80602
23225
64118
11367
78006
28214
92821
98503
85209
16801
95926
89014
95407
07107
33010
18702
32404
26554
47905
95210
84009
60188
78230
72401
89183
78216
42303
31313
98036
80010
60659
58201
98122
30165
10801
98058
84118
11421
60446
49508
39401
76522
19082
78415
48183
77090
60103
30034
37221
21502
59101
23803
11801
32257
30605
75087
70433
21703
48221
95621
73170
40299
63122
60543
91739
91733
10305
91016
93454
99504
97230
34952
95835
01420
92591
60062
01915
98059
00969
88240
78213
30189
14150
10040
78221
08724
94578
70506
32935
85143
12603
42240
40291
07666
46514
54935
27330
30005
01085
27127
99206
30180
60652
43017
11222
17055
83704
06484
01752
38116
46385
34759
90275
11412
27704
21701
32216
90501
24502
63136
37115
80601
96786
72756
78552
13440
42104
45324
29650
27105
80249
01801
85711
31061
32571
89141
23059
83605
94534
94521
02130
14224
06082
94901
89081
49221
30078
77075
90242
10573
85226
54313
85374
97302
20785
80221
91789
91942
92240
33905
98031
78154
60707
43110
95129
97303
75077
52722
27909
60025
39047
21045
45231
19146
37363
08012
78028
28079
43615
29203
07017
96740
55113
61554
89431
98006
33014
54220
77042
70605
00662
60462
76706
92307
76039
98033
41017
11106
34743
93706
10583
98087
53218
80916
48170
07032
27217
32811
91311
32258
08094
89521
33624
92806
33322
76226
35401
29210
96701
77354
95826
29412
27612
72450
18017
26003
85044
32955
08857
48911
49504
00778
65109
10705
76248
44118
78132
77049
27292
10454
32065
62040
00957
98277
85302
19121
00685
19805
33619
83687
95838
28403
11704
17403
65804
46254
75051
79925
46368
13501
94025
28092
30014
33071
95833
21157
44102
14609
77382
29605
77008
46033
88220
98032
87110
94134
79762
37660
86314
20748
47401
10550
29803
45385
44124
98584
85021
32707
40229
53204
77063
01604
85251
90806
44111
48127
85210
89104
90802
46224
83815
30269
29710
49426
95050
77901
78589
58078
10301
07024
55016
22903
07731
34120
95691
79707
92543
22801
70003
11231
85260
48047
44870
98198
75220
02908
01702
02139
16001
98290
23669
78412
31405
70058
49341
12866
44720
48146
21236
17042
10021
48227
32909
33172
95132
85043
62704
07712
02150
98004
33604
80017
38127
83201
21244
89128
49507
30046
90604
48198
48060
90808
28054
23321
60193
21804
47630
37207
27560
20743
85202
32780
80014
94583
94118
90007
08820
70458
94611
60068
90605
70508
93711
08080
26508
46062
70001
75069
87109
95382
84037
30060
80210
00674
92037
32034
29456
59715
97478
40245
60565
30215
92394
21060
10035
95688
20877
14701
84121
85392
33881
10034
38118
95205
77377
91401
11101
19901
33823
92102
21401
80524
34203
40219
92883
85730
77489
30338
60110
37922
23224
00623
53051
11561
85027
98026
28226
17404
88001
20032
17112
60107
07011
95993
28208
78596
75206
90036
28348
84088
48224
30117
21093
90005
19147
46168
94606
85340
60504
28562
24018
14624
60563
30328
63701
85132
46410
84067
95695
71203
02184
48706
60137
08401
91701
94551
48430
31909
30084
55369
29615
44203
85395
36330
22033
46217
92301
11105
72076
17011
98030
36301
27893
97128
61820
37601
27320
11722
22201
98604
92231
40165
29150
27295
95821
44224
90020
85396
06513
29063
97030
90804
01545
08807
42420
53221
36535
77065
68521
95126
37209
37604
38018
60090
19808
37620
33908
77066
30542
78218
92253
11779
84129
85018
46901
24153
30265
46219
44109
84095
44134
02138
80521
02136
28625
19063
76001
78539
90059
80920
20111
19904
37076
60067
33813
21208
95120
92083
93705
89012
33309
72712
21113
77642
95340
75075
75042
77535
49503
98662
94954
77705
95973
21014
11378
82001
98513
06106
01040
23231
93612
07109
20735
20747
98908
11433
91776
39042
76180
75032
32817
44240
04240
55311
98038
97236
33437
78244
85233
85208
75231
97477
23831
34698
21784
85745
37086
84057
96782
20817
17013
24401
94117
93021
23111
35226
98366
26505
89102
97233
77571
03103
91763
77024
75248
28677
77074
53703
46222
90012
36608
40272
46835
70560
54311
80211
43040
22701
77327
30087
91752
84107
92054
94590
94044
91711
95928
06360
11379
20155
94061
00602
94555
32714
60451
20901
13021
83501
33543
92672
64068
85248
33056
77320
93245
27530
85203
98002
45458
51503
13601
80906
92065
78260
21144
33055
19083
92706
85213
00728
95404
29349
29209
89113
08618
48178
28411
46203
61201
45373
55110
92807
10026
84403
00777
89002
45211
89107
95825
33613
60031
07753
00659
60101
70570
77034
91601
89523
19128
21075
60060
68104
93305
84116
30223
55407
32810
33435
36532
80516
89084
06460
58503
33134
33460
17402
78237
38671
91326
53066
48239
90031
33317
54901
32084
83651
64804
32114
44122
48105
92337
61704
06611
22901
55423
33909
48154
84123
86001
28052
85206
37312
86004
32904
38115
07103
98056
06824
80128
85016
60133
01852
95401
60441
00676
77301
00754
72023
95901
02127
45103
40515
92508
35244
50266
94520
97527
88310
90049
40391
92596
50317
85756
84047
39532
49441
44094
80112
92869
55024
45342
95348
30092
99508
49120
97222
99352
29407
46902
11358
19601
28304
30028
33417
35216
22031
94603
90301
34608
20740
11364
18951
20707
40517
93657
22079
01760
49203
70808
98684
53154
02302
79416
80104
80220
20152
11418
76904
28278
23228
79107
37160
55082
33410
91001
64801
33884
60477
02864
76106
94124
80031
27030
20003
92551
02920
20723
77014
70119
78723
99507
60074
33594
97322
95667
78232
63011
77502
78040
32211
77009
44039
28104
73401
27205
80503
91362
70118
13126
95062
77092
83706
95377
60611
06040
80909
46220
33141
62025
07106
97266
87108
23060
97526
40511
00646
19606
22405
94404
64055
33040
34653
78717
28792
15068
75081
52240
98001
19136
97224
77004
35601
93012
55406
18966
78242
92831
27527
72703
28056
33030
11554
80138
84606
28311
34119
43213
89011
76013
98155
34638
46235
06450
08096
84663
33060
23229
90621
89509
95121
60624
99223
22314
92131
98404
77351
12590
85335
17111
95660
30350
75701
48186
90810
78602
57702
94401
32570
90505
91104
43035
77520
94040
29642
19152
06053
21227
29301
31324
98607
80204
98444
14086
08757
71360
92649
01810
30008
75224
60030
61701
33611
80021
66048
27609
06790
77079
20105
06614
62269
85297
90277
80003
72143
32547
83634
28607
46131
95820
11103
32209
71854
30344
80108
64133
07501
70122
02472
98021
89142
80231
77340
76021
33990
78653
00784
75089
78599
91915
46077
46142
98203
82009
50315
31602
65301
71291
14612
78229
77087
22207
32207
11566
32277
07410
98117
57103
91780
03104
53402
53132
29680
91325
60409
77047
65714
77506
13027
29707
30315
08332
22630
32506
33174
33135
77381
95842
00771
28405
89130
95476
94102
72032
49548
21742
33710
78413
46260
95834
12401
98502
30316
20175
43221
91205
48312
49506
95361
29577
92694
28409
53214
75214
80260
85388
92675
53219
93314
81007
77035
78516
92103
85635
11510
95341
22309
80227
78749
32807
84405
51501
92139
91768
63901
10309
99207
31904
55416
19966
56301
19115
79763
34116
30339
32832
54729
97304
37814
60612
19013
94063
92373
98168
30341
08016
33133
94523
20782
92660
34232
22042
77357
85303
97217
60653
28803
78210
29745
83616
02368
79915
33407
90266
33351
60046
84058
56601
80228
23220
34472
94621
75501
11787
73120
31406
93060
85023
32720
03038
55372
21225
85704
39208
11710
00739
75605
80004
63119
53211
20886
36526
33139
23453
53207
92595
10022
97703
30161
32812
55433
94588
44120
47403
63010
60605
27332
19135
59105
32086
00921
86442
93703
80911
08759
53188
67846
98312
00783
55109
18015
59701
91722
19154
27302
20165
68116
19047
34683
97306
48124
48021
76036
94608
12020
77096
84075
85048
65721
68046
96001
72956
68123
44281
59405
23116
33556
30311
44145
96002
30094
43201
80205
07050
80027
33952
03301
34207
92311
27103
19141
90029
58801
32309
78217
33183
00769
32578
85020
84106
30274
75229
98229
91773
55987
40220
91340
31210
55414
48313
92612
30248
37803
15235
83607
14225
43082
54016
21136
30342
37110
19087
48642
94114
03102
27545
28358
95128
97211
76543
60185
91941
63114
68022
10562
35630
61008
75204
98499
99163
37643
53719
97086
92583
33570
94103
92841
21230
71106
93555
48035
17522
75241
78570
32043
34209
90008
98445
75904
53142
70461
21212
94801
19116
91351
16066
34772
60169
46526
93422
48423
45701
11369
14621
35209
90504
90807
33801
85716
21009
75238
95961
49546
92220
50010
48073
16601
46239
23435
95482
72120
80241
29611
08610
92203
55449
14534
44105
97404
76087
45150
94952
38301
85741
85040
91791
91754
55443
60098
48042
40218
84414
80831
91007
27511
49417
34142
91750
53186
02816
13502
70817
97355
33470
11422
60901
70454
02125
23235
72209
49855
48322
47802
30534
74011
98144
94545
32773
77041
60517
97203
32539
03820
47714
77590
55434
76014
60076
75038
60139
77515
94526
19151
99337
78705
30705
76548
02038
33409
50265
91354
33993
70068
30068
30012
95356
79904
27614
44512
95330
92123
75234
98370
29640
12309
76002
33073
29576
32503
71112
75232
37876
60202
43560
00698
91107
46241
55432
08611
33756
33904
11901
28270
77441
19026
88012
57108
33180
84601
58701
76020
53151
94115
21771
44601
94610
60423
66212
48910
47274
77076
11735
17202
21403
22980
00627
32507
71270
33830
60302
31204
98338
75036
77477
93710
00692
32757
33156
35810
63125
98109
73110
27253
55428
91423
55408
45503
85050
91321
44121
11050
22153
20603
96793
07026
28211
48640
64119
27514
79706
02904
95661
32301
58102
66614
95824
33326
80026
07208
43219
67217
46342
90260
37830
44095
33130
33462
60007
29406
77045
65401
91206
07740
48205
62521
01851
06489
97471
74008
77536
20784
29841
48234
18018
01826
34491
81212
94941
37072
46151
80923
90222
60102
61832
44266
01701
91604
93955
90062
07747
80226
76110
49505
93618
03060
97603
98367
34231
98375
55068
41051
87505
33173
22602
73159
98802
33143
19038
42141
48089
35173
33401
91006
90680
76117
98901
33150
55378
84128
48601
17022
77530
57401
98272
10010
94043
08723
44070
70094
48917
90606
55129
93420
15001
12901
30214
08822
07840
10704
91505
80910
75041
00730
95118
32312
85712
46516
74066
81504
90803
77067
32607
74074
08003
70815
77803
77316
92316
28217
46530
45005
93654
33917
06854
95662
95632
93001
98926
01845
19138
70115
08046
35603
29316
60050
85331
21133
97071
70601
33713
62234
59601
43062
05401
80111
64015
20016
48174
71107
92120
46201
22556
00985
77532
23233
34243
19132
40065
28146
76705
56401
20010
77355
00983
97132
75604
90230
30030
91214
02131
04103
17046
50322
76140
75010
74136
19002
74820
06770
30240
85641
32533
92116
98683
70592
33445
94602
90028
76901
80122
02907
76052
01109
37067
43402
30033
11793
31601
99645
24540
55122
22306
60525
54914
81001
37217
20853
89135
23860
47304
54401
50014
18201
54302
10956
37172
43004
32583
20815
78754
37919
84084
48236
95070
97213
02062
76053
30507
95829
34771
66049
92405
76092
27534
92110
93004
22101
30501
64152
55418
98512
50310
77038
33547
21217
07206
02446
62702
15701
32221
33702
11414
01605
98382
72204
19114
98201
20136
68025
95219
76016
62526
10065
27104
76903
93561
76040
68701
95204
33054
50158
97267
15236
77380
60636
37931
96080
33442
88011
08648
46544
94903
80917
07039
59801
34639
76107
81005
80817
32208
29609
08865
44004
77356
91792
02720
91607
55421
22408
44133
37311
92124
33334
89156
02893
44805
28031
08043
74063
75110
18704
97321
95358
68107
67801
74464
85629
62301
92679
20814
01876
16101
93940
33325
49024
98029
02886
10030
63146
33558
76049
40241
49418
96825
78727
95131
32163
37923
76401
25801
67203
86409
31705
60189
24112
55021
21237
98074
32159
70403
38632
85031
33573
42001
90712
29673
75119
91356
48446
45215
77017
47711
33928
14127
76182
11572
21209
37323
07090
77706
92260
42071
31404
89503
44312
33626
10036
98037
84780
23503
94070
32327
32168
61401
34667
84078
06704
10039
30340
03079
30549
93101
85743
49525
98466
68601
34205
28752
43613
78211
15102
33510
19130
98271
30309
06111
08075
19713
37214
11361
33026
33404
80922
06811
33809
38135
60099
60174
01757
90601
55347
60714
02453
19142
00767
21015
60631
78729
79720
73112
95363
60538
48152
36303
53217
59602
06066
43050
33441
84070
40004
20721
94589
52501
60607
94107
53140
73119
68801
33919
75009
77053
95134
97068
48309
60181
79761
60035
11763
11417
68134
01020
15401
28303
34219
11803
89511
54880
48091
89166
01821
61108
78418
85742
29550
72601
32205
58504
07054
10308
85085
24073
33314
67037
63128
23513
70791
92782
29801
12203
98273
20191
21801
66102
77566
98685
62002
72019
66213
68135
08330
36832
93401
27804
80120
83713
77904
12303
92881
15213
76201
00682
92107
53216
10014
22041
23606
18045
81301
11731
07065
07110
85304
55318
34990
55419
01930
55411
85053
96826
17325
78239
60134
06340
32117
92673
38801
37355
52761
18940
00738
49022
99801
18360
65101
40701
92614
80302
35811
50701
77630
49464
99709
00719
73703
72404
71901
50021
43220
34986
27012
83402
55904
58601
65536
32563
91303
29154
38506
91324
32958
06604
43537
84721
02176
20112
55060
75048
19958
97116
33145
92081
92653
80247
77018
97502
80234
06051
07013
48195
19604
96150
79932
20745
15221
48237
70663
84651
92585
93662
80129
53562
84044
07631
53546
14226
93901
77016
53593
72704
44146
02919
61107
30224
75082
45240
60142
80238
47362
55912
00683
79606
20602
43119
43420
55118
43614
11727
27455
91316
19406
22601
42003
32809
80132
33328
22802
37206
06095
44125
32003
06512
44221
33625
46614
32405
95966
78724
97008
17815
78750
08520
77025
15206
93704
39180
06033
75208
85120
60018
35749
94585
53223
35803
62221
30088
71603
28602
76240
18052
08755
95682
96753
11423
34769
37659
83221
33013
53212
55033
30741
10001
63130
39120
14626
76134
33897
74403
46205
29016
71730
13090
46804
58554
22032
16823
39046
28734
77091
33185
90017
78410
22310
33598
17257
32779
30504
06708
17268
02760
35611
02072
61032
46825
86401
28081
22152
34266
37921
98373
33803
15227
85257
29527
66044
53105
11725
60515
45239
00961
98106
26301
60527
60005
11542
33138
90302
49015
94580
27597
37379
70364
23505
64012
55014
14304
60459
32082
19050
45039
33069
23518
45365
01854
60048
55128
49401
98498
78617
75407
55448
28086
72653
11370
74017
29045
10598
30297
39452
20008
70503
80005
78633
95677
37849
60656
22315
60187
01610
08055
60156
14424
61821
46947
78363
62703
50401
70360
85349
60438
63640
60077
06410
78738
21239
91355
28715
55422
68164
02115
64155
30324
63052
32250
24012
90713
37664
45244
76712
02186
90039
03062
19119
41018
64151
95133
20169
31322
70126
74501
31763
27517
11720
02118
46845
91364
44685
19355
48507
75252
60646
88203
01089
60532
50501
40207
77086
15010
90061
97062
24019
33544
73162
44129
75901
01906
60516
06851
95472
01843
78023
46176
60510
22102
58501
26101
37055
32901
46218
44883
70806
27278
62226
00687
98107
60914
32927
11102
21146
11553
18901
47715
28083
07108
33811
45459
00794
35806
02121
32826
64014
31525
43209
32127
48315
02474
15146
84094
18301
29646
07621
84115
77523
48071
07018
89701
32819
74137
07920
13045
51106
33971
77005
95370
13905
10013
48316
30655
98027
77039
20871
98146
89044
11701
73069
49519
11570
65616
39466
07748
98516
70607
46229
48162
97214
84040
78746
91731
23237
79605
91746
98011
94549
76033
61822
98665
37934
08205
77833
98116
43612
47933
30013
45042
55404
22401
95603
20770
12804
33913
84092
45417
34606
33596
24541
92227
61614
19454
89512
16509
49509
48101
59404
20705
91724
75702
06405
49428
77033
11429
02145
02861
44052
98248
33755
99216
19468
94619
76012
11530
54130
21213
33446
75181
95212
75212
29303
19053
97140
48317
90035
33028
28560
97838
98335
97005
94131
90038
98311
91803
46234
95117
60544
60655
73533
35007
97003
46628
99577
63028
68506
33771
55811
72015
79106
43512
63367
92604
94607
60061
54481
54304
48092
78621
95242
76209
48603
15044
53405
48306
94559
40503
48116
97220
89434
60560
80109
30260
62959
01923
07112
30296
22150
73132
61801
94518
92277
44515
94002
33127
43054
07201
85718
67207
60015
97212
88201
66109
92008
00716
29212
52806
54303
95032
44313
76708
79701
53220
95945
91945
94306
28112
33916
53095
55446
73064
93933
55105
44128
47421
24551
03054
15212
08050
45056
22182
44135
94803
33618
82604
97420
17201
77345
69101
55429
12306
85351
50263
41011
01108
74006
53208
94132
32505
83705
80919
33545
00669
48209
02889
92868
32937
30533
54494
64093
20121
61604
33629
22202
20746
90041
48602
55126
14606
29625
07424
10954
48108
82901
12302
52601
90746
60621
95492
34982
33137
21216
04901
60087
43223
37804
17109
34747
30305
79118
63379
57104
18944
33308
46304
48867
33805
31021
63755
92211
75092
48085
60091
15650
33764
32081
06880
92602
33781
98531
36067
66801
79934
46750
37388
20601
12010
33967
01905
07042
39056
12553
92411
98409
30312
96815
55123
33936
78332
91384
06320
37801
92532
91504
11967
93280
94506
01880
74105
91010
28144
34202
02132
70123
75503
28443
98296
92251
77578
95776
76208
85375
31794
06109
29115
33584
19977
38834
98008
78731
80907
06776
28037
75088
54952
30720
23236
85019
16335
02478
11356
42431
23139
30122
18064
48210
78261
91042
07675
28152
33705
52804
30329
88005
16602
34689
95618
75180
78102
28590
02119
87107
83714
97520
98007
35640
45662
98284
11104
04106
45431
70501
90405
98626
27577
82601
31093
77071
80209
78259
34684
33166
45230
48336
90710
79601
48135
80214
91784
39212
76544
85381
77385
76018
32789
94510
75455
80033
14616
73127
34714
08105
11232
66104
06074
89145
87106
46815
22485
23222
85747
79764
44903
11416
29617
20653
71202
60431
30082
78728
06118
12533
98188
92835
23834
48150
27591
30143
40403
98102
07801
29036
29405
61109
98292
84302
53403
77054
56308
75230
74075
75022
01830
78212
76114
45066
33406
98372
53072
92173
11729
34109
83814
77598
78702
90064
18062
01824
38637
93035
33569
53189
20708
40502
40258
79602
95354
89106
46545
70517
29906
23113
23601
48161
91755
74701
53144
98119
98532
30021
60175
07860
20715
28012
04330
39209
60452
20876
95815
45429
92832
22180
60013
07652
45750
55343
02906
80023
42718
28150
91030
53213
17315
76132
98597
33144
32806
43214
29440
07006
78737
53202
17110
34476
24501
98642
57201
94530
54449
22312
23703
97070
81004
37716
85014
90304
11741
46528
06705
77043
15217
38117
55412
77303
72903
28328
33563
29455
91740
76048
94598
72713
66215
75090
46221
70117
78238
22406
94547
20720
34287
49444
10901
32967
68901
91302
86301
96813
92629
82718
11552
28001
35160
91741
97317
40504
46312
43085
75160
53150
30071
10541
27262
10303
77022
49315
21001
48371
20879
28681
44236
99502
90249
83404
55116
07644
75482
34736
32223
07450
98178
89801
01803
01832
02721
92262
22203
27607
46806
49316
46236
32177
91932
95215
34471
56303
27028
02324
52732
76109
54751
40422
76034
73107
33991
75766
55902
72501
11784
28326
10310
90602
66030
48906
95409
33703
34112
94062
27539
27260
08005
03053
76126
07869
12205
33484
02050
34652
23238
52405
96732
49006
63109
30141
60487
90291
84109
97035
14207
34104
33712
77545
19810
11001
40505
32750
70448
15101
19133
10710
27549
91307
55417
97078
19802
75146
97225
22043
01602
84341
63118
19973
92284
20832
29649
11010
55025
77504
48433
48708
88007
30121
29690
19103
38583
37917
93960
64836
82801
21114
07010
91403
72223
32605
40031
48340
14623
20903
28658
75205
85024
64030
34481
32763
66441
70809
72113
08060
42503
33067
33062
80304
32962
36605
10566
46268
41005
68803
33860
85119
48141
44483
54911
79072
29418
77020
99354
23227
68502
20912
53406
08742
07040
64083
89406
85258
93725
00971
94402
71457
79930
86326
03051
01867
19125
89048
90240
68144
70131
55057
44012
02126
55426
98405
46517
06114
43227
37148
00610
48328
34715
30233
90015
06605
07430
83843
33709
38138
47302
07008
38024
64850
38053
73020
30310
84032
73701
21030
38122
35020
02143
77802
95367
80130
64081
06514
21040
44460
31312
98040
53225
73044
92860
35211
11427
80301
31206
98075
90403
37303
35023
08087
80921
34113
95054
11791
77662
95391
47591
28147
19438
49686
29926
15210
45356
16510
76801
02144
75219
28804
19064
95864
20737
68111
37865
15090
02026
33331
47203
32778
44011
98520
44136
33870
11795
84025
93105
91103
66223
33572
53705
48168
70634
03431
34473
06877
30291
02745
96007
78222
33770
94609
98055
00923
77023
33607
66216
02905
94133
77062
60406
60827
77021
19122
27701
75254
84117
92119
32701
75240
47712
71118
44106
90274
54403
33825
33907
48076
60467
65775
60585
14043
80303
78566
93907
98072
06830
70127
48348
53210
30241
32097
80439
35124
55313
56201
32536
76504
00678
80206
85306
45102
66221
32953
64138
60053
83442
66762
55427
07076
90270
08028
94123
60160
45236
46214
92606
48067
27870
43606
33189
00915
30168
44708
44139
45805
48192
44663
01002
30345
63121
94704
48238
95003
24017
76008
04005
49036
32960
85614
60559
07701
92108
34110
17408
70363
32836
07901
00703
40508
60448
48093
46158
14618
54650
30286
98110
64114
30548
33707
67501
60654
86406
01886
43605
23701
98108
75662
27889
33426
44310
30306
37205
39157
33496
61571
33901
53222
48506
71303
06473
06451
94597
36801
33950
48326
40205
91301
00705
32905
48134
78757
34212
02021
95503
48335
68137
85750
08859
48223
60124
60002
22902
50131
90740
75409
77061
44024
60172
41091
54913
28120
94947
02346
07080
34654
14228
02215
76082
23504
44143
19607
84720
62650
43113
60706
97015
33542
04210
30601
81501
31605
67601
88030
21811
60439
98112
55038
54022
74037
17015
10512
14211
36609
80528
40383
30512
12208
30017
77006
78411
16506
02043
75020
39211
72301
17406
28352
35613
60177
06108
37334
90720
43140
28390
08088
55420
10075
77384
08109
78642
70805
76177
84093
79765
15205
48045
48390
47303
32233
70802
45420
21601
97013
36109
93610
28209
14220
30125
48375
28379
91775
84104
98944
77503
31548
89408
96814
48329
77586
46375
49048
61350
34974
37091
98371
35022
19608
07016
20007
83702
78114
90292
00641
29505
39350
77019
89120
53545
60051
29909
98406
20659
80110
33541
38141
70510
98362
50320
35801
59714
85268
46322
32726
31326
77414
79603
46321
48504
46563
19150
92011
93405
02048
57006
07724
77505
23324
75253
94024
75094
91411
36582
17078
33606
84103
27537
11776
66106
48083
02840
30528
02122
07508
78380
76148
34480
39601
70471
53713
40342
76006
30314
98028
94596
48088
33566
38464
81401
75460
08002
47025
80915
72761
61611
02910
30904
10471
77550
13850
98671
10591
16803
27565
74115
97333
89138
34601
89134
21076
42066
44514
10038
67502
30308
47404
78624
79413
45133
77056
99224
55316
45247
80222
83835
03110
60108
49085
33131
33772
46953
35404
35756
48382
12047
48864
78015
45241
83202
70005
27712
72118
39702
11692
44137
28704
08638
08619
29678
14216
74021
91106
32129
33167
28613
64086
84737
92651
01609
60153
46052
90303
94085
32601
19018
19348
93263
37743
93212
08879
46311
33486
90732
49534
08037
89433
43212
68154
33444
22551
46041
80908
14213
94089
37932
46323
38930
48176
85541
01720
31707
93041
44857
32606
29420
30327
35802
40741
06042
75142
48075
89118
33431
61244
45248
48167
41501
76710
02852
32025
61615
40223
17545
84105
60502
61103
32308
27501
37135
35055
03801
33323
72104
23061
92354
79015
98221
19006
25177
32548
60426
23693
40160
79119
53027
33903
01887
28461
39501
13069
00718
31503
23607
90404
40047
43211
17057
84124
37415
53227
46970
44138
02180
39465
60561
00667
70128
95501
72802
34957
01013
60008
67218
64052
12078
95818
18411
33896
53045
38104
98664
62864
80237
40014
33327
98199
52403
66604
47250
14620
43231
01890
92844
32751
75159
64134
72211
97338
53916
29201
48346
13820
95405
48503
85737
46725
11581
51104
39443
19023
62901
67204
30106
52245
57105
08876
76086
29205
15136
03867
07522
00637
94030
29020
31410
70785
44202
74134
02445
14217
52241
32803
11563
33168
98053
61111
13208
25404
34238
59808
91737
85653
48473
99623
47331
27288
02863
77447
80113
11714
45255
97601
33782
31407
31520
07203
20716
11762
92582
45440
19007
48442
98126
73003
55430
32119
00617
77478
76105
61021
28787
80232
30577
03833
80207
30116
14223
18902
27203
80203
72206
32713
07866
78148
02879
72904
78703
70706
58703
75039
60491
83647
14206
78503
30277
17901
95746
78752
91201
19963
37138
40353
67216
04074
75225
25526
45371
31792
20151
31558
05452
95531
17036
07071
80124
63090
97754
02467
79407
07205
08721
29403
70043
92617
17356
99004
36575
27312
45177
48125
36867
76011
64157
54904
61115
10703
72205
07029
01606
74804
21158
91202
29644
70820
28334
22655
52317
06610
47546
55317
29488
95620
85006
32128
98264
36701
35126
34286
84054
40351
34677
38119
45224
02116
36066
02809
77551
98310
43206
21012
48036
45331
44406
34114
99705
70114
98422
33935
45242
20190
60803
10708
11726
92501
68105
14020
73135
79905
06112
34234
37215
75218
12304
46208
84097
77632
85259
28786
19010
98166
07719
98022
10012
33034
53005
32504
49601
63801
37821
65810
64506
32459
63139
78734
32060
31069
04011
65251
30035
98005
68106
29360
99203
49707
98383
71446
06437
48331
37127
78214
13088
57110
37615
97209
52803
37912
19040
46805
50009
54902
87301
64131
19803
43160
33432
77627
84108
15143
33434
52246
18976
48080
15241
48846
49014
27401
44087
97801
42103
46818
68005
11768
75401
70401
66208
36265
53090
01104
27101
70460
99515
39206
39305
54937
11501
11783
92663
34788
71292
25701
91381
08085
94503
60140
85648
37412
71037
78133
83338
00766
92377
38106
34482
28036
30307
28401
54301
46580
14227
11937
74801
82007
08104
21202
15216
97060
46256
10552
21286
96761
48009
32821
78747
53083
60490
37862
11694
90068
60178
98043
47803
02891
77657
95521
06820
92371
44116
11415
47408
63043
11436
02140
48220
64029
33634
31024
44484
40222
12144
33852
39073
73008
90717
20646
30009
01581
19073
34275
21214
07094
53143
32926
07950
46324
64063
07407
23114
68130
33763
28075
93023
74112
28659
60473
99212
06002
02914
93560
76058
70435
48314
34470
95841
10805
47240
85621
48842
02747
73507
93444
89169
78801
02492
48114
30677
44319
56007
29170
49001
98275
14214
24523
53224
67226
14072
90272
91040
28570
07751
45801
14617
38555
53029
18505
15239
76308
60642
44144
55309
29340
60164
75803
72002
23805
24141
45237
87002
00624
18914
80904
32080
85367
32952
98407
93630
29169
53913
49684
45030
40211
20017
01440
49685
27263
45212
31768
55305
28547
60466
68136
97034
38701
55076
44053
55345
33181
19014
72116
85013
32217
85083
32804
48420
99516
53092
50702
29566
98121
76115
39301
92865
46619
01603
35950
36092
07871
10543
36527
94703
38133
75771
18020
08731
06825
37745
93927
76009
63501
73010
63401
43920
44001
60419
33440
77568
80002
65738
67114
92225
02536
91101
54501
73130
83716
49445
71201
90048
48169
77069
32311
73109
70380
44149
95827
22026
75964
68845
56377
35805
92106
55447
94127
33487
08057
37774
36869
44306
29410
70124
47265
33455
45322
63108
00720
92808
76111
22206
90814
60045
90715
80620
60450
37914
19605
61081
76234
76067
28043
96130
98433
85373
31008
08550
89146
30011
95965
21037
78739
31401
01056
67213
48327
76104
29053
27403
40330
27546
02171
55075
80403
11411
34211
49017
79703
41102
73036
94706
98408
67901
32796
85546
35633
68127
89706
44108
26062
06067
44305
80212
95949
48182
06840
61920
08536
19027
31005
39565
53172
70611
77026
49735
08077
53597
78224
92344
37321
25705
14218
35111
19341
48098
28739
19342
98177
90603
55410
78732
32024
63141
48094
43609
04072
74019
28574
78620
44131
60443
90069
67205
78644
92082
66605
38114
93203
96746
06107
18504
45251
98686
14845
73115
57078
97058
01945
64050
85748
17044
20657
63084
53548
53206
95135
43623
06801
34474
49301
40206
04092
99403
45414
07650
35674
46202
48203
55744
53190
95819
31906
66210
61938
77048
71220
37857
47172
43616
33603
23508
45406
87102
28630
48081
32226
41015
75602
73018
11738
33714
05403
37203
10990
19428
63020
73521
71105
36507
37208
43202
66047
66209
08232
19008
17225
14051
37212
44654
28504
29506
84098
85757
45505
92029
08034
02129
19061
46706
25414
29532
50208
06905
48813
10567
99016
08052
15801
92264
46012
28805
01904
20018
94579
27592
59106
07095
33525
60194
73501
48207
53089
13212
21409
76120
45822
33774
60093
78374
82070
30540
05701
75137
75454
60430
70520
97055
55362
32829
29582
78735
43607
39440
27576
40744
32444
72315
99202
60432
48393
14420
91011
89144
55906
21223
11790
43311
34691
19090
19422
94519
10509
29206
60404
91602
78382
08872
32966
44446
44055
27617
48213
50125
61073
21078
37069
94022
83406
35475
43078
92887
33602
10302
24503
00757
06488
49456
66046
02170
12110
72901
01749
06518
64064
08837
70563
78654
93103
31047
62801
70438
49037
11426
75116
45638
28532
44067
06850
46808
60106
33184
77002
40059
99217
28312
44333
53022
74135
97914
29108
02818
48204
14456
44104
07503
27803
55102
75402
33405
64130
78070
23502
63137
59802
96821
78612
80215
11747
48837
77318
35080
41071
11360
77302
15202
98332
60805
48377
33430
83864
44147
39648
80223
44113
11021
07506
29492
48532
21204
17552
76574
33140
13901
73129
40215
64082
43725
54017
15905
11575
28906
45245
02081
39194
85284
80534
32609
44641
17104
53589
32305
34117
63005
68510
36870
61101
85715
07928
31721
13204
90210
76205
19440
56537
80218
26501
46135
12589
46240
33760
91501
22311
21704
35010
38242
19123
85310
45219
86303
47129
32827
53149
28712
35235
00751
63135
95110
21901
16046
27596
79065
29341
33635
63034
77027
80224
60513
37015
92586
90254
70002
85139
87532
75236
31903
23294
12508
10605
95138
49058
35763
61802
28374
44057
18067
27801
10603
28034
36804
45405
36360
99344
29575
23005
96749
49091
60436
49002
13210
08830
47725
84102
86305
20187
55437
48458
94563
48854
46356
62220
23325
63111
23704
62401
95816
76310
79935
00962
14526
07735
19947
66203
36606
41101
33974
83318
55376
30276
83858
54476
06401
86323
33523
17019
55331
19046
85350
92603
42223
30273
36207
95602
98274
46733
20132
46816
42025
99338
96161
15132
48334
70507
06226
29671
75235
23692
34984
98020
41001
48341
07514
39531
35901
34972
20895
11428
29706
02190
34420
15106
70582
06001
48214
02766
33912
43138
33559
33146
63105
97031
08015
57301
85387
08690
33716
68128
91204
55066
18235
14468
42134
35205
08110
85028
35473
02888
02152
74107
62305
37216
55431
01776
44709
91506
23430
01748
02724
04062
53024
34223
53226
22039
07070
29302
30728
26201
34233
08108
71108
74601
98903
53716
27518
54455
63104
18603
22911
28327
94564
93210
32433
35661
30179
97470
54452
82501
06105
15122
70586
22025
32095
55130
44511
93015
22124
08505
33408
46703
74129
44023
32934
76135
45205
72719
02066
28139
75237
77437
97424
53012
86404
43611
77868
33304
38863
75215
24179
67211
06468
39213
72801
85901
34285
35040
33549
37411
27896
27344
47710
34446
36203
45227
95519
12477
17821
53185
96768
49783
50325
87122
44622
47834
33701
45449
49202
98506
82609
98230
38478
33035
06037
14830
85739
02459
87508
55346
63138
33948
91361
49319
91390
43812
76541
70125
13205
99353
66204
76031
01721
18049
60542
33472
61550
76015
44123
60104
15644
79902
20724
49512
15220
79110
07079
06032
53718
53121
63112
44112
32541
10037
31015
28203
42633
55127
53538
44278
31750
85128
07461
33187
77058
91345
55350
98942
22302
27886
13790
75670
30517
88210
33761
37405
35406
12561
06515
33132
46016
44017
80202
79714
02035
34465
46373
77051
39560
00917
38108
78220
29307
92118
33976
40228
76528
28732
33711
91723
63025
02067
15228
48879
34994
01950
32141
11362
79045
53147
95366
49093
06897
07067
71909
33898
40361
33777
04101
44830
22046
83204
90502
86403
89027
14615
00782
50703
32401
49010
17401
77059
92587
77028
80487
75751
08361
44223
97239
62656
75201
93728
68007
76247
44142
07628
94949
44241
62711
75965
72022
12189
01742
47501
02359
88081
27523
68505
32408
17837
31029
19465
75134
91901
02451
80007
19602
60465
50313
34613
20905
29334
36693
85749
24151
78252
90670
76207
72058
35757
76266
55441
60521
56501
72405
61364
17512
73114
93111
19804
85755
33983
32805
73139
20816
67208
08840
32118
29204
07834
60131
04038
37725
21613
53158
85131
53094
15120
07746
97215
44320
44110
18109
33301
28501
48820
48505
78255
53110
21201
74145
65613
10580
54656
19057
33609
49307
94305
38829
30107
02865
34695
33534
02476
95959
32428
22305
30153
45208
00966
18466
63131
31030
45895
67530
08062
93247
38351
63042
77037
94612
20012
24701
59803
46250
40769
52002
80121
19363
37090
48838
02134
33413
34987
68847
92274
62298
28539
47111
34785
34685
21108
46040
38901
19001
71701
14611
01301
06804
63110
88130
87701
14607
48386
19525
07405
22546
10538
22205
44647
21050
11030
28779
54235
10606
24333
12831
28472
43064
37771
48374
40203
46952
78584
07940
34950
77328
00656
49770
70535
01550
32222
19126
18013
30656
02421
49004
55803
53575
33759
64127
33637
04102
35243
43952
07502
27317
55398
70062
24450
79414
18612
15425
22603
19054
97103
35120
19473
46064
68508
61104
17745
33565
48051
34237
02370
98233
77306
37188
46319
63050
77013
01027
01570
13203
11754
75054
38372
14559
39553
37766
55403
02871
00773
92637
35071
46013
48230
64056
31522
15017
98321
18302
36305
97051
98136
74361
29379
06443
77378
41075
44705
55444
83703
33190
70427
99701
39426
88061
57703
48912
77707
64116
98282
13903
22151
97201
39507
30461
61455
68114
08033
60304
14052
06062
80236
11703
76118
67042
43056
77640
63049
55720
65706
37813
44092
70447
12534
67206
31533
66202
17025
83001
57501
78163
70714
91902
42501
36618
48184
32669
48304
35016
44314
37354
49331
42164
29860
80905
94301
37179
00638
01075
29512
36201
71055
02481
11733
98368
02723
68504
89403
40962
04073
55371
92270
48342
60403
46113
19707
94702
29585
48302
35967
07730
36542
83617
08852
56073
91708
45202
64110
16365
11946
34210
92010
56379
58401
71109
07001
79360
56304
34292
94945
08210
01913
66503
14760
29306
01850
77401
60084
71301
44820
64111
68028
23120
48240
07086
02777
76501
23838
80751
40514
85253
55405
95334
94595
33498
89445
80903
80924
75249
13039
18040
30824
35903
07646
86005
77619
15057
02019
84655
44126
51103
41076
39562
43215
28202
19044
77656
94618
80018
07081
30474
93930
47112
35150
37210
46011
07733
02806
47720
95422
97038
11788
24210
82716
77085
90232
16125
11950
02746
45502
19425
46774
50323
33773
44906
12118
48323
36571
91914
27021
84087
49431
60503
37748
97216
80925
17033
85607
02351
06615
03246
90245
37204
27856
80513
13206
02915
46404
12054
74354
05641
69361
00772
22553
33066
93268
32206
75001
78219
38112
13413
95673
57783
27409
96766
08691
31217
77012
02842
72715
38804
99218
29902
29569
76103
35115
46303
60455
46814
37938
99037
48033
74114
33136
75801
17070
08204
37083
22066
66442
19015
34951
07481
01520
81521
49829
22303
48130
37909
05301
30707
45344
77591
75057
37377
55746
75474
32351
80701
06483
19518
70037
32055
22963
54636
01501
95203
91203
79415
98674
65270
54166
67002
38611
41031
76707
70526
38732
16201
48206
26104
45419
02790
60546
00601
99517
43528
40071
33004
77423
98101
35957
70518
60154
00918
60192
15025
93631
45504
07031
62208
27244
41701
44833
37874
75672
48324
48855
33605
28714
61102
77575
85305
48225
80216
15147
35976
77098
85215
34288
16701
39429
60601
77541
84014
06029
30360
91436
30620
16148
99501
84059
44022
24740
20855
70053
62249
34108
60478
00920
97850
34610
32801
33972
30643
29627
21774
72335
21085
13104
20866
96022
35214
49008
27525
44706
48193
95963
47904
53714
20024
68507
46992
44410
44505
15501
33704
82072
72364
63601
14305
07059
46807
43950
78064
18707
18640
33527
25427
34134
73025
37763
93110
38614
82414
63074
29568
29078
87113
03303
73142
29631
05446
64870
45640
34240
34442
75707
31216
36541
74429
81623
93013
77905
77587
46122
38261
44062
55306
31701
11239
50316
90701
46228
50036
18706
44030
02452
19801
78751
58203
48082
70006
38139
08882
64060
36022
02420
95742
53532
40175
15904
01028
70578
84335
80465
74146
19956
48624
62223
81601
41048
77531
02878
03055
14564
85658
50111
27006
44905
76643
32615
80305
19610
80030
27408
17801
50211
75103
28301
28716
19462
02090
35121
31220
33778
00907
66226
30901
20794
03842
77979
50311
53073
98104
57350
66067
01001
44140
29102
81503
94041
63383
02332
42728
80603
34105
88021
16502
54660
60447
61520
81507
55008
71753
02726
46637
19703
13031
06415
29657
48827
02601
32091
98065
06716
31545
53115
87506
54868
36426
42276
24201
62568
94960
99611
29388
55804
05478
74401
16117
36502
27504
34145
48451
63775
28164
74127
17067
20650
65340
74106
11951
34224
32766
72830
01106
45243
35213
43074
38063
79403
31513
67460
77029
20613
03087
94556
71602
75233
16504
62035
90265
36854
68503
23226
24015
45410
06385
38672
78676
52807
31905
77031
32534
02719
44089
95448
25403
63628
06117
10549
16652
75203
55438
10470
53818
56258
00723
29536
77011
70546
45409
42754
55374
40213
25401
98663
53715
29369
19056
68124
43023
92845
21211
19107
49321
76088
38019
59912
75169
44321
25314
75156
00979
18705
13662
83669
76301
14222
16002
99669
36081
32011
93241
37398
06519
89815
26041
98045
06351
67214
01532
60118
60070
13219
06706
12019
29118
55107
38343
22181
10965
48084
90623
75601
32922
34241
48043
97439
28387
94805
39307
50312
01864
16505
03063
32656
97113
32219
13669
15009
22508
14210
64024
11780
06470
32968
70807
00714
47167
02771
61603
01510
40208
46408
39828
20015
07066
36108
38652
02188
02120
19971
46755
29070
45891
86426
18337
63126
24572
35057
97386
79549
74447
33412
29630
33706
16503
30354
55108
39520
55391
91208
31516
31211
32407
32653
81101
84337
93250
33708
24014
67235
16508
00660
07012
97232
20186
21046
00677
01907
15666
19512
10960
83644
79412
21054
88260
49080
87501
60417
36567
01007
97381
45320
77801
07670
15229
98467
02189
77713
48059
10804
48072
62629
95066
45233
28791
48034
28557
06070
71006
02767
67005
35094
70525
97459
45067
65473
75791
56003
94505
35816
47960
38635
31632
07062
40212
97408
06119
16127
15012
60433
27536
66207
93950
37218
27358
47170
19096
38237
10017
75951
08904
79336
16057
32439
79903
29662
46714
06461
28023
02911
62294
39051
07005
73108
01060
02649
48030
18969
17557
53228
56187
27370
02382
32413
07022
33478
16105
44485
60064
74110
29928
90013
94105
74070
33973
44907
01118
54143
65265
26330
19809
48623
70767
37166
34235
93648
30635
10307
95437
56345
29153
79029
29323
93402
32641
12524
35045
96021
61068
30830
97524
98930
21074
35043
02917
16301
19508
44420
54981
92866
37916
03824
46259
70764
17517
78645
32317
71115
68776
35206
46055
61114
14613
23901
06517
28365
33129
78121
45432
02141
07524
21128
20851
30317
34239
00717
48202
33616
18510
85250
90305
15214
23663
12206
07446
07310
95605
21231
33812
12801
07020
07063
60457
64117
67220
45220
33149
60555
48025
21210
53129
48301
48026
48362
60429
94542
28206
33154
55436
03064
19106
77078
97218
53233
19003
11782
34222
08846
97403
60026
11767
01835
07663
48201
36106
11598
95368
60445
78405
07044
11004
99201
33469
60088
46615
94507
68132
60191
11730
14619
33765
75209
15234
55413
33815
23707
60415
18964
95817
38107
63115
33330
40210
28307
32176
65806
68522
23221
08812
38103
43608
08805
60458
15116
94705
22044
85714
23661
14904
12308
78248
73118
07204
98446
46320
15226
14610
44301
45249
68131
01119
07078
54603
55344
68108
55103
93301
40204
45229
60130
02114
44132
00982
22301
10530
63132
32903
34236
39204
32931
90716
37404
22209
08824
72908
08107
06120
45403
13603
10528
00927
21205
76022
45246
44103
60173
14212
27510
92408
19055
66205
33403
55435
15243
35208
22308
12211
07043
16802
44119
95130
07504
78404
59401
74128
15218
28801
85007
61605
68512
91377
94502
19036
89143
29601
02458
15201
20781
55445
87104
60558
55301
60526
23605
07734
78225
63134
07009
07660
08103
32816
18509
66219
72212
10570
11953
10803
60463
11693
76309
08863
08030
92610
60712
80246
33019
08629
11751
08609
76164
97221
92014
78416
11366
38120
75244
33305
20005
07102
33980
92313
33315
08736
55442
11742
34947
45223
94904
01940
16146
47807
53717
70130
46107
73106
48128
28134
77030
17103
23509
75065
93730
14208
94707
60471
66103
19086
95832
93433
66112
11576
14622
90293
11778
11577
68147
07974
11753
33776
06608
02744
73122
14201
33182
44718
32569
48122
01003
33483
84111
20037
71104
14608
91105
43205
94920
07436
48638
27608
07114
95814
27948
91108
66101
02903
34690
64128
64113
74104
10927
97027
01107
06096
11764
13207
20194
92625
94709
06110
53404
77068
90094
66214
33853
33477
07604
36111
77701
19030
07661
08051
79835
10044
45439
15215
23702
07452
02632
10604
40243
66224
33316
66206
45415
45050
98057
06418
46394
92075
43210
07057
94708
19129
11755
36617
78204
14605
19078
75223
91502
78256
76054
40217
07922
08620
72227
90755
60190
17113
76102
92007
33966
98424
46613
97024
08031
55401
60661
60143
31415
15209
94065
01105
63113
79103
14301
16511
55409
90040
15232
08010
77703
60501
60305
10522
33954
60176
02465
07657
84042
07932
94158
11766
19060
10474
85004
90402
19611
33473
07843
34103
45213
64123
48017
48825
78701
15003
18508
46204
55812
94108
88063
02343
08226
07513
40242
07643
73111
93109
64124
46803
32951
91024
07442
15219
10601
08722
90248
02885
30313
70812
90212
07936
45015
10553
07035
19444
07512
33480
60482
15211
08835
15203
70121
60428
80230
64106
32579
45209
91207
02482
12209
14219
72207
34996
78721
18954
32501
77094
60020
11740
66043
34102
15224
46327
06901
62095
44509
60418
07444
45404
98418
15207
51105
02494
07034
19085
11518
14625
11596
01754
70116
60534
47804
60171
08244
19004
35228
79410
55805
55425
10709
15129
46617
93701
98148
44115
45206
55424
19081
93223
64501
19072
72114
95119
85003
64109
48215
07075
19118
46802
08251
60915
22307
50314
07607
64108
02460
99324
37407
39567
07073
44471
60044
48144
44714
94925
02045
07463
07642
19806
07045
05408
06479
11096
66606
23664
70113
95064
19609
78756
03109
11023
60475
78202
55386
77518
35064
08201
35212
66611
20710
10707
21090
28204
23511
73116
12210
64137
27601
99518
24016
78231
45402
08106
06710
98327
48040
47713
10523
60514
49007
60422
66607
77003
19021
28207
43604
90014
15208
01151
08083
06906
18929
63144
02664
08090
55806
07876
72202
12202
45216
32814
76711
78408
07605
18032
68102
45225
01863
55807
08071
85378
23510
10005
97205
29401
24061
55439
62024
20712
53235
48915
07676
07603
35660
77547
43203
53205
44502
07656
44117
11777
50309
11797
63117
10923
68118
48229
33128
19079
10706
07626
11713
63107
08093
45214
06907
11565
36604
32612
25064
90211
35204
11559
54720
63143
08406
13244
63103
92136
90056
10018
11769
85012
11516
11752
95010
14905
79102
48529
10280
55115
12803
55454
07981
27571
01607
46407
08823
98403
02916
89086
02466
63040
11024
11558
16507
64112
79401
30326
13224
48120
44703
60425
60069
17931
07764
89519
13214
07624
84332
14209
11557
47406
00952
60042
95811
07645
78543
61874
48015
06878
43617
08850
98354
32204
18518
07716
62062
14068
68117
10920
61282
05404
07033
84101
79901
17102
08225
63088
12204
54140
60022
10989
44710
08312
92655
08102
06052
80235
02111
07762
07649
08869
31315
19301
23230
46556
07028
94710
08884
02191
12307
11705
08810
23075
63147
55101
11934
90401
08078
77843
35222
06855
98337
19510
60162
15104
10007
19137
36107
12305
60155
06870
80547
08734
79406
07023
06607
15204
33715
19075
48208
19095
19033
07041
14204
63106
44303
75207
23523
39530
44405
24013
80310
36603
99204
11363
98402
06779
93721
14445
44311
00911
45204
11109
08035
34242
06807
46280
53130
98465
78236
19333
75210
08065
11789
17554
33767
91020
06085
94939
34228
34753
44114
07850
85045
43240
19025
64158
07630
41014
95139
76704
01840
45207
63120
10547
32266
10533
93410
61606
45232
40202
48218
79104
13902
07718
02881
10595
48226
45430
07432
85363
13202
17538
08084
33620
54136
46409
02828
00901
98047
28428
19032
94027
39202
06269
52233
32603
25303
00913
07092
80927
10069
08221
45065
19012
89109
11709
73134
11507
02461
15139
02210
92624
15062
07401
64053
02113
19717
23507
15223
70092
12222
11721
55415
30303
21716
15145
78722
95202
37403
19076
32202
35218
60096
77565
48217
46635
10996
76311
79411
97227
95019
20722
00912
44307
53122
48070
64126
00690
27605
21017
18641
63133
36611
24515
10607
46616
11786
07072
19070
28543
07704
31028
76155
32730
37915
17361
10282
19102
07068
14303
19074
19383
71101
00965
76005
43460
13211
07755
71103
15133
31901
07757
11020
07662
29634
07677
80530
07739
19041
19127
22904
18101
64105
79906
77446
02468
19066
33158
79121
10502
01129
28305
15282
17043
08518
41016
94720
15222
07058
93022
92861
08091
93106
41073
38126
48109
41074
61616
22807
08059
00909
48216
07648
21826
30002
10983
33070
08007
44302
08029
48211
46225
36607
55455
60040
10594
36849
73103
45416
60469
45217
08049
08402
70075
60163
32735
68157
76059
07632
15110
53726
44504
50324
85701
19405
07647
44243
38105
18519
10532
01608
07420
18452
43620
11579
85734
19031
37665
75226
38677
17520
20714
08880
14261
15342
02912
60021
25703
60472
08730
30346
46590
74120
00925
90089
12084
07640
44262
60203
33785
07014
30079
78203
07027
17501
21252
07440
46601
20036
07627
02032
01560
39762
89085
07505
44902
17954
60195
94111
23517
08544
39203
19094
55114
60165
14802
97535
90010
10006
07927
44672
52242
60461
80951
78401
96857
02142
47901
11804
20742
15033
07721
43403
97127
06890
11514
96860
08061
15045
07046
50013
28223
60456
06510
63019
02108
70032
07720
33965
44507
48320
44127
33839
21140
28726
10993
07758
86011
22213
37402
77204
95671
43222
10548
16121
85708
10464
79908
92093
07423
18701
43610
07702
10004
07737
93202
47306
02838
18232
92278
11697
53706
07457
95328
30363
34734
29935
19022
78208
02464
02109
23219
07803
32502
19029
97331
45218
55003
15144
89501
17344
14202
07064
11796
15636
19043
83844
73145
75251
60606
44304
94129
08554
13116
11715
60301
70112
34217
00968
51510
08751
73104
70803
00741
73102
30609
47305
94018
07857
74119
15419
94525
77702
54113
08750
49254
75569
92369
08829
44704
11749
28542
11732
21890
32227
48933
75962
15112
01908
27708
15901
04469
90067
93581
95053
27412
08735
98392
75884
78215
01128
15014
06853
07088
15705
07750
00960
76597
66506
11718
07641
58202
92179
07756
35203
14627
03101
21250
06702
07074
63101
92661
35233
02918
28032
15140
65897
08097
08063
07077
76798
28159
90021
12543
17034
17970
05405
08045
70071
20057
93650
12183
19562
18709
10588
37408
18076
13417
30332
93944
63102
14604
06103
93409
94130
58105
85608
02325
15233
07606
08741
43116
15697
17027
98039
35229
75202
28533
12929
84112
91330
27109
37614
20623
33306
37132
70079
17101
75246
10984
98195
48069
95113
64125
85329
11549
21746
08542
60043
17407
29208
57007
92140
01103
29409
39217
37902
68178
55054
14853
96863
37219
20052
92662
30322
74103
10968
45203
48859
23284
26159
24142
16617
74171
11005
02110
08828
93921
79101
23173
11439
27110
25301
29613
06380
92401
43008
10537
15510
13699
15450
01063
12604
84602
60157
72035
40507
46048
37228
21777
16475
71272
20763
07021
18917
01080
40526
10511
45174
19372
15148
43136
94964
07311
50012
16654
53203
01901
10976
27695
15035
52401
35487
29614
39406
90263
02457
11548
77046
55384
67117
94957
53007
70402
02163
15027
37350
67202
00740
12207
36688
16501
48824
10162
33574
20004
35254
37315
76129
08341
90639
66612
53170
70813
07711
12466
61256
07717
27411
32306
22027
61402
08740
76599
74077
82644
13495
58204
31207
71497
17965
26040
25755
49784
29733
47809
80520
52801
97018
11794
18915
23551
02763
26506
11509
76701
66045
33786
16563
17721
08732
18503
02071
02558
14504
78205
71209
98314
68849
14109
56563
18056
80045
27268
06081
44250
20818
15034
20064
56321
14778
37201
02841
02357
98276
02199
48502
05439
48607
47451
32307
30597
29424
59812
23891
13024
20006
95211
64841
06023
23909
26074
02462
54307
30118
30602
97310
96730
16546
19453
63653
45699
60602
60603
36503
44308
44682
47405
88244
97020
20059
08887
87151
08738
96747
62701
76596
76203
43963
34681
49440
46346
32511
18085
66603
15015
19545
10505
94575
06080
92092
99251
08608
14614
91125
98447
16444
43525
28359
35632
48724
31698
80705
27506
15055
55753
80826
38505
17016
16172
15673
65726
25507
15665
17508
93740
23943
98416
41268
15358
11569
30072
61239
20625
12417
22125
72467
88004
36115
22472
16045
98207
27878
06459
24077
17263
20686
79366
45034
97204
18219
08320
12504
21767
76402
34138
90073
31599
83209
23668
33109
20896
93606
70551
44702
28101
39058
71998
92135
40404
25909
17936
14260
07878
44325
14720
93067
95041
80623
72183
28274
44503
36113
60604
15477
25871
24011
29816
27014
15049
44101
77010
06061
55402
68182
26750
44653
15324
01074
30250
50529
79016
18234
54985
89557
71999
57197
45389
93666
58405
15444
15661
39210
83656
21734
53069
66621
96848
13321
08553
58076
56562
62523
17887
15350
44652
15629
27555
11547
29899
05088
34760
36082
15692
47871
94104
56080
40063
17093
79721
19345
95444
17868
99692
80290
76598
50634
18970
17506
61625
57799
29225
43002
99775
61013
16161
25109
70609
18351
10988
92350
40807
02802
01718
50163
54946
05344
29834
40041
01745
43722
37682
96853
12432
41085
83840
38152
47335
58707
97364
98505
83438
20765
45032
17606
95435
33854
50032
90743
17850
19052
43547
99258
43157
52557
15634
96858
28017
45820
21664
24020
89158
18962
20880
24327
16238
50160
18065
74078
20390
33858
18231
46959
06467
15363
98430
95978
45160
29117
76909
17247
62248
47361
15366
10517
47965
61563
13157
88024
98556
19436
67053
64858
45328
17306
02366
11947
65215
54927
94613
16228
39174
07939
98164
55090
30275
98235
95537
45870
47351
46796
45119
19955
14302
45469
19536
65216
98565
15641
18030
43463
91210
17974
62915
15691
17507
10279
44630
28330
33856
45378
47464
97432
46111
17010
55814
17253
43322
99102
19108
21542
15325
75711
02876
60113
28666
17317
15004
79733
17303
92134
15466
45033
17342
14515
43553
18046
91046
45826
47435
47388
18935
10503
63758
27202
49104
14549
15088
52030
29665
17982
32013
15962
83454
90742
70310
16682
18242
17249
17884
02824
08821
85532
45131
06353
81148
45630
15739
15368
67260
45164
04489
02133
43126
16236
43321
74082
45105
52344
61524
18079
13138
48870
95675
06059
07961
31753
29683
40280
36101
16633
00906
19369
28758
06387
37383
43036
45360
42356
06263
17371
46154
35036
44881
18086
04415
16853
23708
20812
43565
45358
25112
61815
17951
90071
25054
32681
13674
49075
17550
36663
17311
71359
41517
46931
48143
67041
19474
45349
56075
43077
15434
97373
47983
70457
40339
15680
44856
72139
35013
43740
24129
84113
45310
47881
40434
21251
43434
13484
70801
17504
45307
50673
79832
71242
06376
67667
74358
70580
15847
15696
30070
53088
30812
46155
40061
32228
47997
45301
27533
47863
47337
15359
93962
47382
46508
10545
19733
19358
14166
19516
29177
93227
47226
47263
92147
63824
80546
35249
44555
72457
23298
14585
44825
17933
47344
95419
43027
46045
59625
61471
46967
51578
02350
69355
17835
01937
50427
61750
47370
43505
68438
35074
43738
53540
13134
73070
70340
79699
43142
31333
47853
25432
43974
93670
58402
40357
16684
15752
10979
56020
06258
35032
17077
60144
99174
35181
49443
36652
63053
70575
53031
17250
68382
46980
25156
65623
30229
46125
46786
08217
80024
46624
43439
18012
47458
46047
47434
